vaccineStrain	compareStrain	tipDate	mean_N	median_N	min_N	max_N	mean_S	median_S	min_S	max_S
MG974447_A_Kansas_14_2017	1618891_A_Pennsylvania_1020_2019	2019.10.12	31.3212300852167	31	31	36	42.0574286772879	42	39	50
MG974447_A_Kansas_14_2017	1640279_A_Cardiff_9474_2019	2019.12.9	2.97925157465728	3	2	5	11.960726194887	12	9	14
MG974447_A_Kansas_14_2017	1641886_A_Idaho_40_2019	2019.11.16	35.7821415339014	36	35	39	40.4690626157836	40	38	48
MG974447_A_Kansas_14_2017	1651646_A_Virginia_42_2019	2019.12.9	33.7932567617636	34	33	38	46.5331604297888	46	44	54
MG974447_A_Kansas_14_2017	1661929_A_Mexico_2943_2019	2019.10.31	3.98147462022971	4	3	6	13.9592441645054	14	11	16
MG974447_A_Kansas_14_2017	1662160_A_Abudhabi_106_2019	2019.11.26	35.7947387921452	36	35	39	45.5320489070026	45	43	53
MG974447_A_Kansas_14_2017	1675773_A_Rheinland_Pfalz_5_2020	2020.1.7	3.98221563542053	4	3	6	12.9740644683216	13	10	16
MG974447_A_Kansas_14_2017	1683447_A_Wisconsin_03_2020	2020.1.9	37.7873286402371	38	37	41	44.5750277880697	44	42	52
MG974447_A_Kansas_14_2017	1692312_A_Louisiana_66_2019	2019.12.28	36.7828825490923	37	36	40	40.4623934790663	40	38	48
MG974447_A_Kansas_14_2017	1713851_A_Pennsylvania_15_2020	2020.2.20	34.2793627269359	34	34	38	44.0166728417933	44	41	52
MG974447_A_Kansas_14_2017	1738893_A_Minnesota_23_2020	2020.3.20	35.7843645794739	36	35	39	44.4953686550574	44	42	53
MG974447_A_Kansas_14_2017	1738933_A_Idaho_52_2019	2019.12.25	36.8273434605409	37	36	42	43.4786958132642	43	40	51
MG974447_A_Kansas_14_2017	1740471_A_Minnesota_12_2020	2020.2.12	38.7858466098555	39	38	42	43.5668766209707	43	41	51
MG974447_A_Kansas_14_2017	1748112_A_Alberta_RV5268_2020	2020.3.4	35.2834383104854	35	35	38	44.1478325305669	44	41	52
MG974447_A_Kansas_14_2017	1799200_A_Haiti_394_2019	2019.12.16	33.7939977769544	34	33	38	46.5320489070026	46	44	54
MG974447_A_Kansas_14_2017	1807805_A_Guangxi_Hengxian_3105_2019	2019.11.14	39.2845498332716	39	39	43	45.0181548721749	45	42	53
MG974447_A_Kansas_14_2017	1807829_A_Zhejiang_Dinghai_1817_2019	2019.10.8	34.2778806965543	34	34	38	40.0011115227862	40	37	48
MG974447_A_Kansas_14_2017	1839735_A_Laos_1752_2020	2020.9.26	38.7988143756947	39	38	43	47.5487217487958	47	45	55
MG974447_A_Kansas_14_2017	1841191_A_Yunnan_Wenshan_1592_2020	2020.7.21	37.2889959244164	37	37	41	43.0240829937014	43	40	51
MG974447_A_Kansas_14_2017	1841681_A_Cambodia_e0826360_2020	2020.7.16	38.7995553908855	39	38	43	48.5498332715821	48	46	56
MG974447_A_Kansas_14_2017	1847821_A_Kitakyusyu_1_2020	2020.8.1	34.7947387921452	35	34	38	51.5761393108559	52	49	59
MG974447_A_Kansas_14_2017	1847845_A_Saitama_92_2020	2020.4.3	40.8232678769915	41	40	45	49.556131900704	49	47	57
MG974447_A_Kansas_14_2017	2761581_A_Hessen_26_2020	2020.1.27	37.7865876250463	38	37	41	43.5668766209707	43	41	51
MG974447_A_Kansas_14_2017	2761606_A_Schleswig_Holstein_9_2020	2020.2.10	4.98517969618377	5	4	7	13.9903668025195	14	11	17
1592032_A_Hong_Kong_2671_2019	1838078_A_California_55_2020	2020.10.12	18.691367173027	19	17	22	17.7676917376806	18	17	24
1592032_A_Hong_Kong_2671_2019	1847925_A_Vietnam_Vnhcm_Gs483_2020	2020.10.9	18.6887736198592	19	17	22	18.7728788440163	19	18	25
1592032_A_Hong_Kong_2671_2019	1849665_A_AbuDhabi_01_2021	2021.1.1	22.7010003705076	23	21	26	18.8158577250834	19	17	25
1592032_A_Hong_Kong_2671_2019	1852226_A_Bangkok_62_2020	2020.11.11	18.6887736198592	19	17	22	22.7795479807336	23	22	29
1592032_A_Hong_Kong_2671_2019	1858651_A_Pennsylvania_01_2021	2021.3.19	23.6998888477214	24	22	27	21.8062245276028	22	20	28
1592032_A_Hong_Kong_2671_2019	1861076_A_Laos_580_2021	2021.2.21	18.68951463505	19	17	22	19.7869581326417	20	19	26
1592032_A_Hong_Kong_2671_2019	1869531_A_Delaware_01_2021	2021.4.16	23.7024824008892	24	22	27	21.8114116339385	22	20	28
1592032_A_Hong_Kong_2671_2019	1885447_A_Abu_Dhabi_2210622842_2021	2021.3.3	23.699518340126	24	22	27	19.8077065579844	20	18	26
1592032_A_Hong_Kong_2671_2019	1905714_A_India_PUN_NIV323256_2021	2021.6.21	25.7054464616525	26	24	30	21.8103001111523	22	20	28
1592032_A_Hong_Kong_2671_2019	1905786_A_India_PUN_NIV312063_2021	2021.5.9	21.7002593553168	22	20	27	20.8099296035569	21	19	27
1592032_A_Hong_Kong_2671_2019	1905802_A_Nepal_Npwr_05637_2021	2021.4.8	20.7002593553168	21	19	24	19.8032604668396	20	18	26
1592032_A_Hong_Kong_2671_2019	1916915_A_Oklahoma_01_2021	2021.7.6	16.821044831419	17	14	22	18.3994071878474	18	18	24
1592032_A_Hong_Kong_2671_2019	1916923_A_Michigan_03_2021	2021.8.18	22.7069284920341	23	21	27	23.8047424972212	24	22	30
1592032_A_Hong_Kong_2671_2019	1919553_A_YANAO_08_01V_2021	2021.8.8	26.7017413856984	27	25	30	19.8047424972212	20	18	26
1592032_A_Hong_Kong_2671_2019	1921773_A_Thailand_12_2021	2021.6.24	17.6909966654316	18	16	21	19.7725083364209	20	19	26
1592032_A_Hong_Kong_2671_2019	1922800_A_Nepal_21FL2699_2021	2021.8.11	24.7002593553168	25	23	28	23.8040014820304	24	22	30
1592032_A_Hong_Kong_2671_2019	1924350_A_Philippines_6_2021	2021.7.5	40.2904779547981	40	40	44	43.0670618747684	43	40	51
1592032_A_Hong_Kong_2671_2019	1925236_A_Michigan_05_2021	2021.9.26	21.7006298629122	22	20	25	21.8110411263431	22	20	28
1592032_A_Hong_Kong_2671_2019	1926248_A_Saint_Petersburg_RII_2415S_2021	2021.1.2	26.70322341608	27	25	30	22.8025194516488	23	21	29
1592032_A_Hong_Kong_2671_2019	1940321_A_New_York_03_2021	2021.9.16	28.70322341608	29	27	32	22.8006669136717	23	21	29
1592032_A_Hong_Kong_2671_2019	1954438_A_Picardie_28479_2021	2021.9.17	25.7039644312708	26	24	29	20.8040014820304	21	19	27
1592032_A_Hong_Kong_2671_2019	1967900_A_Pakistan_ICT7_2021	2021.9.16	21.7039644312708	22	20	27	21.8195628010374	22	20	28
1592032_A_Hong_Kong_2671_2019	1969592_A_Bangladesh_9019_2021	2021.9.20	26.7047054464617	27	25	30	25.8177102630604	26	24	32
1592032_A_Hong_Kong_2671_2019	EPI2415906_A_Darwin_9_2021	2021.4.17	24.9240459429418	25	23	30	24.8243793997777	25	23	31
1841681_A_Cambodia_e0826360_2020	19194107_A_Thailand_8_2022	2022.7.11	23.0277880696554	23	23	25	16.114116339385	16	15	20
1841681_A_Cambodia_e0826360_2020	1941020_A_Florida_04_2021	2021.10.28	18.0218599481289	18	18	20	12.0696554279363	12	11	15
1841681_A_Cambodia_e0826360_2020	1952515_A_Pennsylvania_06_2021	2021.11.21	18.0218599481289	18	18	20	12.0696554279363	12	11	15
1841681_A_Cambodia_e0826360_2020	1958506_A_Khakassia_155_06V_2021	2021.11.30	17.0211189329381	17	17	20	12.0752130418674	12	11	16
1841681_A_Cambodia_e0826360_2020	1960344_A_Montana_10_2021	2021.11.29	18.0218599481289	18	18	20	13.0696554279363	13	12	16
1841681_A_Cambodia_e0826360_2020	1964326_A_California_46_2021	2021.12.19	18.0218599481289	18	18	20	12.0696554279363	12	11	15
1841681_A_Cambodia_e0826360_2020	1983154_A_Montana_02_2022	2022.1.6	18.0226009633197	18	18	20	14.0755835494628	14	13	17
1841681_A_Cambodia_e0826360_2020	1992288_A_Wyoming_09_2021	2021.12.2	18.0218599481289	18	18	20	12.0696554279363	12	11	15
1841681_A_Cambodia_e0826360_2020	2004157_A_North_Dakota_03_2022	2022.2.9	18.0218599481289	18	18	20	13.0759540570582	13	12	17
1841681_A_Cambodia_e0826360_2020	2007488_A_New_Mexico_07_2022	2022.2.14	18.0226009633197	18	18	20	13.0755835494628	13	12	17
1841681_A_Cambodia_e0826360_2020	2019560_A_Novosibirsk_RII_MH60652S_2022	2022.1.10	18.0233419785106	18	18	21	11.0870692849203	11	10	15
1841681_A_Cambodia_e0826360_2020	2042591_A_Picardie_21593_2022	2022.3.21	16.0240829937014	16	16	18	11.0774360874398	11	10	14
1841681_A_Cambodia_e0826360_2020	2042752_A_Lorraine_23758_2022	2022.3.26	17.0233419785106	17	17	19	12.0841052241571	12	11	15
1841681_A_Cambodia_e0826360_2020	2042994_A_Lorraine_28541_2022	2022.4.9	16.0226009633197	16	16	18	12.0852167469433	12	11	15
1841681_A_Cambodia_e0826360_2020	2043548_A_Berlin_23_2022	2022.3.17	16.0233419785106	16	16	18	13.0781771026306	13	12	16
1841681_A_Cambodia_e0826360_2020	2046104_A_Krasnodar_Krai_183_10V_2021	2021.12.17	12.0270470544646	12	12	14	12.0859577621341	12	11	15
1841681_A_Cambodia_e0826360_2020	2063583_A_Idaho_25_2022	2022.5.1	16.0214894405335	16	15	20	14.1052241570952	14	13	18
1841681_A_Cambodia_e0826360_2020	2077428_A_Berlin_61_2022	2022.4.25	15.0222304557243	15	15	17	13.1685809559096	13	12	18
1841681_A_Cambodia_e0826360_2020	2127871_A_Michigan_35_2022	2022.5.18	15.0251945164876	15	15	19	16.1011485735458	16	15	20
1841681_A_Cambodia_e0826360_2020	2136215_A_Abu_Dhabi_1812537_2022	2022.6.30	17.0214894405335	17	17	19	15.0981845127825	15	14	19
1841681_A_Cambodia_e0826360_2020	2176957_A_Florida_70_2022	2022.8.8	16.0259355316784	16	16	20	16.1033716191182	16	15	20
1841681_A_Cambodia_e0826360_2020	2194875_A_Maldives_875_2022	2022.9.9	17.0248240088922	17	17	19	15.0992960355687	15	14	19
1841681_A_Cambodia_e0826360_2020	2233523_A_Ayutthaya_NIC_P2289_2022	2022.7.18	23.0277880696554	23	23	25	16.0955909596147	16	15	20
1841681_A_Cambodia_e0826360_2020	2325220_A_Finland_298_2022	2022.9.4	18.0248240088922	18	18	20	14.0796591330122	14	13	17
1841681_A_Cambodia_e0826360_2020	2500106_A_ABUDHABI_UAE_1112067_2022	2022.4.25	16.0248240088922	16	16	18	13.0774360874398	13	12	16
1841681_A_Cambodia_e0826360_2020	2503987_A_British_Columbia_124_2022	2022.6.19	15.0218599481289	15	15	17	13.092256391256	13	12	17
EPI2415906_A_Darwin_9_2021	19296516_A_Croatia_10136RV_2023	2023.12.4	15.0285290848462	15	14	18	19.520563171545	19	18	23
EPI2415906_A_Darwin_9_2021	19377008_A_Arica_52920_2024	2024.7.1	16.0285290848462	16	15	19	18.5605779918488	18	17	23
EPI2415906_A_Darwin_9_2021	19355069_A_Chiang_Rai_1932_2024	2024.3.27	16.1922934420156	17	15	21	19.5405705816969	19	18	23
EPI2415906_A_Darwin_9_2021	19378437_A_Denmark_2208_2024	2024.6.29	18.0307521304187	18	17	21	20.5531678399407	20	20	24
EPI2415906_A_Darwin_9_2021	19522825_A_Denmark_2281_2024	2024.8.26	17.051130048166	17	16	20	20.5216746943312	21	18	25
EPI2415906_A_Darwin_9_2021	19455563_A_England_2481021_2024	2024.6.4	17.0329751759911	17	16	20	20.5172286031864	21	18	24
EPI2415906_A_Darwin_9_2021	19539069_A_Ghana_1122_2024	2024.7.24	18.0348277139681	18	16	21	18.6068914412745	18	17	23
EPI2415906_A_Darwin_9_2021	19298604_A_Ghana_3370_2024	2024.6.6	16.0300111152279	16	15	19	17.5150055576139	18	15	21
EPI2415906_A_Darwin_9_2021	19377137_A_Guyana_10084_2024	2024.5.28	16.0314931456095	16	15	19	23.5620600222305	23	22	28
EPI2415906_A_Darwin_9_2021	19274403_A_Hungary_264_2024	2024.3.26	16.0285290848462	16	15	19	18.5327899221934	18	17	22
EPI2415906_A_Darwin_9_2021	19355364_A_Kenya_139_2024	2024.5.23	14.0363097443498	14	13	17	18.5287143386439	18	17	22
EPI2415906_A_Darwin_9_2021	19388144_A_Saudi_Arabia_PHL_FS8301_2024	2024.7.6	16.0300111152279	16	15	19	19.5494627639867	19	19	23
EPI2415906_A_Darwin_9_2021	19052814_A_Serbia_514284_2024	2024.3.8	17.0329751759911	17	16	20	20.5357539829566	20	19	24
EPI2415906_A_Darwin_9_2021	19539108_A_Wellington_85_2024	2024.8.14	15.0307521304187	15	14	18	19.547980733605	19	19	23
EPI2415906_A_Darwin_9_2021	19208620_A_Wisconsin_80_2024	2024.5.25	14.0329751759911	14	13	19	19.5457576880326	19	18	24
EPI2415906_A_Darwin_9_2021	19642627_A_Jeju_4080_2024	2024.9.23	16.0322341608003	16	15	19	21.5513153019637	21	21	25
EPI2415906_A_Darwin_9_2021	19632815_A_Jeonbuk_3813_2024	2024.3.11	15.0292701000371	15	14	18	18.5294553538348	18	17	22
EPI2415906_A_Darwin_9_2021	19632822_A_Seoul_3837_2024	2024.3.18	15.0337161911819	15	14	18	20.5542793627269	20	19	24
EPI2415906_A_Darwin_9_2021	2206316_A_Rogerstone_2168_2022	2022.10.10	6.34901815487217	7	5	11	13.5928121526491	14	12	16
EPI2415906_A_Darwin_9_2021	2208308_A_Lourdes_53101_2022	2022.10.8	11.3490181548722	11	11	19	15.1244905520563	15	14	20
EPI2415906_A_Darwin_9_2021	2252381_A_Maine_07_2022	2022.10.27	8.3505001852538	8	8	16	17.1267135976288	17	16	22
EPI2415906_A_Darwin_9_2021	2253452_A_Kansas_25_2022	2022.10.19	9.02519451648759	9	8	12	12.520563171545	12	11	16
EPI2415906_A_Darwin_9_2021	2254250_A_Centre_56613_2022	2022.11.23	8.34901815487217	9	7	13	10.5950351982216	11	9	13
EPI2415906_A_Darwin_9_2021	2257357_A_Austria_MUW1572306_2022	2022.11.30	9.34605409410893	9	9	17	15.1230085216747	15	14	20
EPI2415906_A_Darwin_9_2021	2283189_A_Denmark_3146_2022	2022.11.10	9.34975917006299	10	8	14	11.5924416450537	12	10	14
EPI2415906_A_Darwin_9_2021	2367511_A_Connecticut_04_2023	2023.1.4	10.3467951092997	10	10	18	14.1304186735828	14	13	19
EPI2415906_A_Darwin_9_2021	2385451_A_Oman_8557_2022	2022.12.4	9.03297517599111	9	8	12	12.5190811411634	12	11	16
EPI2415906_A_Darwin_9_2021	2424342_A_Baden_Wuerttemberg_144_2022	2022.12.1	10.3453130789181	10	10	18	16.1244905520563	16	15	21
EPI2415906_A_Darwin_9_2021	2424895_A_Sachsen_Anhalt_3_2023	2023.1.1	11.3549462763987	11	11	19	14.1430159318266	14	13	19
EPI2415906_A_Darwin_9_2021	2441868_A_Minnesota_08_2023	2023.1.11	9.35272323082623	9	9	17	15.1356057799185	15	14	20
EPI2415906_A_Darwin_9_2021	2467517_A_HaidianCDC_12962_2023	2023.3.2	12.0292701000371	12	11	15	18.5242682474991	18	17	23
EPI2415906_A_Darwin_9_2021	2498550_A_California_32_2023	2023.1.5	10.3467951092997	10	10	18	14.129677658392	14	13	19
EPI2415906_A_Darwin_9_2021	2498622_A_Kansas_01_2023	2023.2.26	8.34975917006299	9	7	13	9.59799925898481	10	8	12
EPI2415906_A_Darwin_9_2021	2534759_A_Minnesota_18_2023	2023.2.22	10.3527232308262	10	10	18	17.1356057799185	17	16	22
EPI2415906_A_Darwin_9_2021	2539626_A_Nordrhein_Westfalen_128_2022	2022.12.20	9.34827713968136	10	8	14	10.5976287513894	11	9	14
EPI2415906_A_Darwin_9_2021	2571528_A_Bhutan_001_2022	2022.11.21	10.5327899221934	11	9	14	14.0285290848462	14	12	19
EPI2415906_A_Darwin_9_2021	2587133_A_Berlin_265_2022	2022.12.19	8.34901815487217	9	7	13	12.5950351982216	13	11	15
EPI2415906_A_Darwin_9_2021	2599401_A_Lebanon_2787_2023	2023.3.28	10.3482771396814	10	10	18	15.1871063356799	15	14	20
EPI2415906_A_Darwin_9_2021	2689682_A_Costa_Rica_8476_2023	2023.6.26	13.0285290848462	13	12	16	17.5376065209337	17	16	23
EPI2415906_A_Darwin_9_2021	2716167_A_Kentucky_06_2023	2023.7.18	14.0433493886625	14	13	19	17.532419414598	17	16	21
EPI2415906_A_Darwin_9_2021	2716351_A_Guatemala_378_2023	2023.4.22	11.3505001852538	11	11	19	16.1937754723972	16	15	21
EPI2415906_A_Darwin_9_2021	2732731_A_Bangladesh_9003_2023	2023.5.8	12.0300111152279	12	11	15	15.5694701741386	15	14	19
EPI2415906_A_Darwin_9_2021	2736750_A_Finland_407_2023	2023.8.11	10.0351982215635	10	9	13	17.5635420526121	17	16	22
EPI2415906_A_Darwin_9_2021	2758811_A_Catalonia_NSVH102158148_2023	2023.9.6	19.0296406076325	19	18	22	17.5320489070026	17	16	22
EPI2415906_A_Darwin_9_2021	EPI2800450_A_Phra_Nakhon_Si_Ayutthaya_P4330_2023	2023.10.2	14.0337161911819	14	13	17	21.5602074842534	21	20	26
EPI2415906_A_Darwin_9_2021	EPI2817864_A_Nakhon_Phanom_P4970_2023	2023.11.3	14.0277880696554	14	13	19	19.520563171545	19	18	23
EPI2415906_A_Darwin_9_2021	EPI2819091_A_Nebraska_13_2023	2023.11.15	15.0285290848462	15	14	18	18.5272323082623	18	17	22
EPI2415906_A_Darwin_9_2021	EPI2845383_A_Saint_Petersburg_RII_169_2023	2023.10.31	14.0314931456095	14	13	17	19.5235272323083	19	18	23
EPI2415906_A_Darwin_9_2021	EPI2901414_A_California_118_2023	2023.11.29	14.0270470544646	14	13	17	18.5190811411634	18	17	22
EPI2415906_A_Darwin_9_2021	EPI2926182_A_Hong_Kong_3084_2023	2023.12.1	15.0285290848462	15	14	18	17.5264912930715	17	16	21
EPI2415906_A_Darwin_9_2021	EPI2970652_A_Saratov_RII_3_2023	2023.12.22	16.02741756206	16	15	19	17.5213041867358	17	16	21
EPI2415906_A_Darwin_9_2021	EPI3055327_A_New_Hampshire_02_2024	2024.1.4	15.0355687291589	15	14	18	18.6020748425343	18	17	24
EPI2415906_A_Darwin_9_2021	EPI3089330_A_Penarth_6936_2024	2024.1.22	15.0285290848462	15	14	18	18.5294553538348	18	17	22
EPI2415906_A_Darwin_9_2021	EPI3095110_A_Samara_22_2023	2023.12.22	14.02741756206	14	13	17	19.5190811411634	19	18	23
EPI2415906_A_Darwin_9_2021	EPI3133740_A_Idaho_21_2024	2024.2.9	15.0292701000371	15	14	18	17.5287143386439	17	16	21
EPI2415906_A_Darwin_9_2021	EPI3134187_A_Florida_06_2024	2024.1.8	15.0437198962579	15	14	18	20.5987402741756	20	19	24
EPI2415906_A_Darwin_9_2021	EPI3186602_A_Nevada_104_2024	2024.3.1	16.0340866987773	16	15	19	17.5353834753612	17	16	21
EPI2415906_A_Darwin_9_2021	EPI3186714_A_Washington_22_2024	2024.2.4	14.0366802519452	14	13	17	19.5427936272694	19	18	24
19194107_A_Thailand_8_2022	19628172_A_Colorado_228_2024	2024.11.10	9.38236383845869	10	7	12	9.61763616154131	10	8	12
19194107_A_Thailand_8_2022	19826182_A_South_Africa_R01135_2025	2025.1.28	10.3831048536495	11	8	13	9.63282697295295	10	8	14
19194107_A_Thailand_8_2022	19822399_A_Incheon_694_2025	2025.2.18	8.38088180807707	9	6	11	13.6354205261208	14	12	18
19194107_A_Thailand_8_2022	19794607_A_Jeonnam_359_2025	2025.1.13	8.38014079288625	9	6	11	10.6306039273805	11	9	15
19194107_A_Thailand_8_2022	20080759_A_Vietnam_5034_2025	2025.2.15	10.3919970359392	11	8	15	11.6306039273805	12	10	16
19194107_A_Thailand_8_2022	19884376_A_Canarias_1589_2025	2025.1.1	9.38792145238977	10	7	12	12.6257873286402	13	11	16
19194107_A_Thailand_8_2022	19800540_A_Denmark_860_2025	2025.2.3	9.38384586884031	10	7	12	13.6257873286402	14	12	16
19194107_A_Thailand_8_2022	19682309_A_Netherlands_10048_2025	2025.1.2	8.40311226380141	9	6	12	13.6406076324565	14	12	17
19194107_A_Thailand_8_2022	19874950_A_Denmark_2460_2025	2025.3.24	11.4386809929604	12	9	16	15.7091515376065	16	14	20
19194107_A_Thailand_8_2022	20073250_A_Ontario_1098_2025	2025.4.1	11.0515005557614	11	10	13	18.4186735828084	18	17	24
19194107_A_Thailand_8_2022	19897514_A_South_Africa_PATH-CERI-C068465_2025	2025.5.3	25.0059281215265	25	22	30	17.4160800296406	17	15	23
19194107_A_Thailand_8_2022	20261922_A_South_Africa_8325_2025	2025.8.28	16.4042237865876	17	14	20	17.7310114857355	18	16	22
19296516_A_Croatia_10136RV_2023	20284405_A_Bahrain_1648_2025	2025.10.19	11.9210818821786	12	11	19	14.9748054835124	15	14	21
19296516_A_Croatia_10136RV_2023	20284485_A_Bahrain_2180_2025	2025.10.23	12.5968877361986	13	12	16	17.6947017413857	18	17	22
19296516_A_Croatia_10136RV_2023	20284519_A_Catalonia_NSVH102734071_2025	2025.11.28	11.5924416450537	12	11	15	17.418303075213	18	15	22
19296516_A_Croatia_10136RV_2023	20269338_A_Denmark_3567_2025	2025.11.10	14.5976287513894	15	13	19	14.6865505742868	15	14	19
19296516_A_Croatia_10136RV_2023	20269279_A_Denmark_3542_2025	2025.11.7	14.5987402741756	15	14	18	15.6887736198592	16	14	20
19296516_A_Croatia_10136RV_2023	20221173_A_Cardiff_0040_2025	2025.10.2	12.5939236754353	13	12	16	16.6854390515006	17	16	21
19296516_A_Croatia_10136RV_2023	20275639_A_Colorado_ISC-1470_2025	2025.10.28	12.5968877361986	13	12	16	16.6943312337903	17	16	21
19296516_A_Croatia_10136RV_2023	20275637_A_Colorado_ISC-1507_2025	2025.11.14	13.5935531678399	14	13	17	15.6806224527603	16	15	20
19296516_A_Croatia_10136RV_2023	20275348_A_Florida_32_2025	2025.10.29	12.5987402741756	13	12	16	16.6809929603557	17	16	21
19296516_A_Croatia_10136RV_2023	20275683_A_New_York_NIRC-IS-1504_2025	2025.11.13	13.5939236754353	14	13	17	14.6798814375695	15	14	19
19296516_A_Croatia_10136RV_2023	20262326_A_Colorado_ISC-1494_2025	2025.11.11	14.597258243794	15	14	18	14.6835865135235	15	14	19
19296516_A_Croatia_10136RV_2023	20261837_A_Alaska_82_2025	2025.10.20	14.5965172286032	15	14	18	16.6921081882179	17	16	21
19296516_A_Croatia_10136RV_2023	20278399_A_Catalonia_NSVH171794172_2025	2025.12.3	13.5931826602445	14	13	17	15.414597999259	16	13	20
19296516_A_Croatia_10136RV_2023	20261953_A_Wisconsin_152_2025	2025.11.3	12.5968877361986	13	12	16	15.6854390515006	16	15	21
19296516_A_Croatia_10136RV_2023	20262725_A_Catalonia_NSVH161522720_2025	2025.11.19	13.5931826602445	14	13	17	15.6783994071878	16	14	20
19296516_A_Croatia_10136RV_2023	20261957_A_Minnesota_109_2025	2025.10.25	12.5939236754353	13	12	16	17.6906261578362	18	17	22
19296516_A_Croatia_10136RV_2023	20279652_A_Lisboa_706_2025	2025.11.2	12.5939236754353	13	12	16	16.4101519081141	17	14	21
19296516_A_Croatia_10136RV_2023	20280416_A_Severomorsk_RII-MH264749S_2025	2025.11.18	13.5942941830308	14	13	17	15.6795109299741	16	15	20
19296516_A_Croatia_10136RV_2023	20280435_A_Saint-Petersburg_RII-MH264958S_2025	2025.11.26	13.5983697665802	14	13	17	15.6980363097443	16	15	20
19296516_A_Croatia_10136RV_2023	20280566_A_Saint-Petersburg_RII-25-0699S_2025	2025.11.17	14.6013338273435	15	14	18	17.4286772878844	18	15	22
19296516_A_Croatia_10136RV_2023	20281628_A_Saskatchewan_SKFLU469190_2025	2025.11.20	11.5924416450537	12	11	15	17.477584290478	18	15	22
EPI103320_A_Moscow_10_1999	CY000024_A_New_York_30_2003	2003.12.2	27.3416080029641	27	27	33	33.1367173027047	32	31	43
EPI103320_A_Moscow_10_1999	CY000040_A_New_York_33_2004	2004.1.9	27.3775472397184	27	27	33	38.1541311596888	37	36	49
EPI103320_A_Moscow_10_1999	CY000056_A_New_York_35_2003	2003.12.4	29.3423490181549	29	29	35	32.1496850685439	31	30	42
EPI103320_A_Moscow_10_1999	CY000104_A_New_York_54_2003	2003.12.10	26.3412374953687	26	26	32	35.139681363468	34	33	45
EPI103320_A_Moscow_10_1999	CY000144_A_New_York_26_2003	2003.12.2	29.3442015561319	29	29	35	30.1474620229715	29	28	40
EPI103320_A_Moscow_10_1999	CY000216_A_New_York_91_2002	2002.1.17	17.3034457206373	17	15	28	20.9918488329011	21	18	38
EPI103320_A_Moscow_10_1999	CY000272_A_New_York_53_2003	2003.12.11	29.257502778807	29	27	35	31.1437569470174	30	29	41
EPI103320_A_Moscow_10_1999	CY000352_A_New_York_15_2003	2003.11.12	29.257502778807	29	27	35	30.1437569470174	29	28	40
EPI103320_A_Moscow_10_1999	CY000512_A_New_York_4_2003	2003.12.8	27.3416080029641	27	27	33	33.1367173027047	32	31	43
EPI103320_A_Moscow_10_1999	CY000552_A_New_York_115_2002	2002.2.7	18.3027047054465	18	16	29	19.9940718784735	20	17	37
EPI103320_A_Moscow_10_1999	CY000768_A_New_York_10_2004	2004.1.30	30.3427195257503	30	30	36	31.1626528343831	30	29	41
EPI103320_A_Moscow_10_1999	CY000872_A_New_York_193_2003	2003.2.19	23.8332715820674	23	23	34	26.1096702482401	26	23	43
EPI103320_A_Moscow_10_1999	CY000908_A_New_York_13_2003	2003.11.12	26.3412374953687	26	26	32	37.1389403482771	36	35	47
EPI103320_A_Moscow_10_1999	CY001036_A_New_York_6_2004	2004.1.6	26.3442015561319	26	26	32	31.1596887736199	30	29	41
EPI103320_A_Moscow_10_1999	CY001095_A_New_York_24_2003	2003.12.1	29.257502778807	29	27	35	31.1437569470174	30	29	41
EPI103320_A_Moscow_10_1999	CY001196_A_New_York_18_2003	2003.12.1	28.3427195257503	28	28	34	32.1537606520934	31	30	42
EPI103320_A_Moscow_10_1999	CY001300_A_New_York_37_2003	2003.12.4	27.3412374953687	27	27	33	37.139681363468	36	35	47
EPI103320_A_Moscow_10_1999	CY001559_A_New_York_215_2003	2003.4.22	20.3190070396443	20	18	31	21.7684327528714	21	20	38
EPI103320_A_Moscow_10_1999	CY002335_A_New_York_77_2001	2001.12.26	17.3019636902557	17	15	28	21.9733234531308	22	19	39
EPI103320_A_Moscow_10_1999	CY002351_A_New_York_272_2003	2003.11.28	28.3412374953687	28	28	34	36.1419044090404	35	34	46
EPI103320_A_Moscow_10_1999	CY003287_A_New_York_438_2000	2000.1.18	13.7610226009633	13	13	18	10.2826972952946	10	10	14
EPI103320_A_Moscow_10_1999	CY006386_A_New_York_467_2004	2004.9.17	31.3501296776584	31	31	38	36.1615413115969	35	34	46
EPI103320_A_Moscow_10_1999	CY009267_A_New_York_499_2004	2004.1.15	26.3442015561319	26	26	32	32.1585772508336	31	30	42
EPI103320_A_Moscow_10_1999	CY013812_A_New_York_C4_2002	2002.2.1	18.3019636902557	18	16	29	19.9911078177103	20	17	37
EPI103320_A_Moscow_10_1999	CY032968_A_Yucatan_844_2003	2003.3.19	25.1674694331234	25	24	31	32.1237495368655	31	30	42
EPI103320_A_Moscow_10_1999	CY038574_A_Hong_Kong_HKU2_2004	2004.2.13	27.3486476472768	27	27	33	32.1507965913301	31	30	42
EPI103320_A_Moscow_10_1999	CY038614_A_Hong_Kong_HKU19_2004	2004.6.1	31.3897739903668	31	31	38	33.1641348647647	32	31	43
EPI103320_A_Moscow_10_1999	CY038622_A_Hong_Kong_HKU20_2004	2004.6.15	31.3801407928863	31	31	38	31.1974805483512	30	29	41
EPI103320_A_Moscow_10_1999	CY038638_A_Hong_Kong_HKU29_2004	2004.7.21	31.3905150055576	31	31	38	34.1971100407558	33	32	44
EPI103320_A_Moscow_10_1999	CY038646_A_Hong_Kong_HKU31_2004	2004.7.30	32.3756947017414	32	32	39	32.2000741015191	31	30	42
EPI103320_A_Moscow_10_1999	CY038654_A_Hong_Kong_HKU34_2004	2004.8.18	33.3808818080771	33	33	40	31.1997035939237	30	29	41
EPI103320_A_Moscow_10_1999	CY038950_A_Hong_Kong_HKU4_2004	2004.3.1	33.3530937384216	33	33	39	29.1859948128937	28	27	39
EPI103320_A_Moscow_10_1999	CY038958_A_Hong_Kong_HKU6_2004	2004.3.6	29.35161170804	29	29	35	35.1589477584291	34	33	45
EPI103320_A_Moscow_10_1999	CY038990_A_Hong_Kong_HKU14_2004	2004.4.16	29.3501296776584	29	29	35	33.155242682475	32	31	43
EPI103320_A_Moscow_10_1999	CY038998_A_Hong_Kong_HKU15_2004	2004.4.23	29.3493886624676	29	29	35	35.1663579103372	34	33	45
EPI103320_A_Moscow_10_1999	CY039014_A_Hong_Kong_HKU21_2004	2004.6.19	31.3905150055576	31	31	38	33.1656168951463	32	31	43
EPI103320_A_Moscow_10_1999	CY039030_A_Hong_Kong_HKU25_2004	2004.7.7	33.3760652093368	33	33	40	33.2008151167099	32	31	43
EPI103320_A_Moscow_10_1999	CY039038_A_Hong_Kong_HKU30_2004	2004.7.22	33.3919970359392	33	33	40	34.1730270470545	33	32	44
EPI103320_A_Moscow_10_1999	CY039166_A_Hong_Kong_HKU5_2004	2004.3.4	28.3630974434976	28	28	34	36.1700629862912	35	34	46
EPI103320_A_Moscow_10_1999	CY039174_A_Hong_Kong_HKU24_2004	2004.7.5	28.3508706928492	28	28	34	36.1522786217117	35	34	46
EPI103320_A_Moscow_10_1999	CY039494_A_Hong_Kong_HKU1_2004	2004.2.10	29.3493886624676	29	29	35	33.155242682475	32	31	43
EPI103320_A_Moscow_10_1999	CY039502_A_Hong_Kong_HKU32_2004	2004.8.2	32.3756947017414	32	32	39	32.2000741015191	31	30	42
EPI103320_A_Moscow_10_1999	CY040321_A_Hong_Kong_HKU38_2004	2004.9.23	32.3808818080771	32	32	39	33.2019266394961	32	31	43
EPI103320_A_Moscow_10_1999	CY043751_A_Hong_Kong_HKU28_2004	2004.7.17	31.3905150055576	31	31	38	34.1978510559466	33	32	44
EPI103320_A_Moscow_10_1999	CY088027_A_England_425_2003	2003.10.29	28.3445720637273	28	28	34	35.1407928862542	34	33	45
EPI103320_A_Moscow_10_1999	CY088035_A_England_438_2003	2003.11.12	28.3486476472768	28	28	34	31.1474620229715	30	29	41
EPI103320_A_Moscow_10_1999	CY088115_A_England_467_2003	2003.11.6	30.3423490181549	30	30	36	32.1411633938496	31	30	42
EPI103320_A_Moscow_10_1999	CY088131_A_Scotland_78_2003	2003.11.7	27.3427195257503	27	27	33	35.1485735457577	34	33	45
EPI103320_A_Moscow_10_1999	CY088139_A_Scotland_79_2003	2003.11.8	27.3486476472768	27	27	33	31.1467210077807	30	29	41
EPI103320_A_Moscow_10_1999	CY088187_A_England_944_2003	2003.11.17	28.3416080029641	28	28	34	34.1374583178955	33	32	44
EPI103320_A_Moscow_10_1999	CY088251_A_England_525_2003	2003.11.27	27.3416080029641	27	27	33	33.1456094849944	32	31	43
EPI103320_A_Moscow_10_1999	CY088267_A_England_585_2003	2003.11.25	28.35161170804	28	28	34	36.1819192293442	35	34	46
EPI103320_A_Moscow_10_1999	CY088275_A_England_487_2003	2003.11.24	28.3416080029641	28	28	34	36.1378288254909	35	34	46
EPI103320_A_Moscow_10_1999	CY088291_A_England_491_2003	2003.11.24	28.3416080029641	28	28	34	34.1374583178955	33	32	44
EPI103320_A_Moscow_10_1999	CY088323_A_England_508_2003	2003.11.27	29.3442015561319	29	29	35	30.1459799925898	29	28	40
EPI103320_A_Moscow_10_1999	CY088339_A_England_957_2003	2003.11.28	27.3423490181549	27	27	33	34.1389403482771	33	32	44
EPI103320_A_Moscow_10_1999	CY088363_A_England_558_2003	2003.12.5	31.3486476472768	31	31	37	34.1504260837347	33	32	44
EPI103320_A_Moscow_10_1999	CY088379_A_England_532_2003	2003.11.27	27.3423490181549	27	27	33	35.1359762875139	34	33	45
EPI103320_A_Moscow_10_1999	CY088387_A_England_522_2003	2003.12.12	27.3416080029641	27	27	33	33.1374583178955	32	31	43
EPI103320_A_Moscow_10_1999	CY088403_A_England_547_2003	2003.12.18	28.3493886624676	28	28	34	33.1467210077807	32	31	43
EPI103320_A_Moscow_10_1999	CY090956_A_South_Carolina_NHRC0002_2003	2003.11.13	27.3419785105595	27	27	33	33.1526491293072	32	31	43
EPI103320_A_Moscow_10_1999	CY091124_A_Missouri_NHRC0002_2004	2004.1.9	30.2589848091886	30	28	36	30.1482030381623	29	28	40
EPI103320_A_Moscow_10_1999	CY091468_A_California_NHRC0006_2003	2003.12.10	29.257502778807	29	27	35	33.1456094849944	32	31	43
EPI103320_A_Moscow_10_1999	CY092216_A_Georgia_NHRC0001_2003	2003.12.5	27.3419785105595	27	27	33	32.1507965913301	31	30	42
EPI103320_A_Moscow_10_1999	CY107095_A_England_470_2003	2003.11.5	27.3416080029641	27	27	33	33.1367173027047	32	31	43
EPI103320_A_Moscow_10_1999	CY107111_A_England_516_2003	2003.11.20	29.3486476472768	29	29	35	31.1482030381623	30	29	41
EPI103320_A_Moscow_10_1999	CY107151_A_England_493_2003	2003.11.23	29.3438310485365	29	29	35	32.1404223786588	31	30	42
EPI103320_A_Moscow_10_1999	CY107167_A_England_532_2003	2003.11.27	27.3423490181549	27	27	33	35.1359762875139	34	33	45
EPI103320_A_Moscow_10_1999	CY112948_A_Netherlands_1_2002	2002.1.7	18.2471285661356	18	14	29	19.738792145239	19	18	36
EPI103320_A_Moscow_10_1999	CY114324_A_Netherlands_3_2000	2000.1.6	16.7599110781771	16	16	21	11.3097443497592	11	11	16
EPI103320_A_Moscow_10_1999	CY114340_A_Netherlands_126_2001	2001.3.21	16.7587995553909	16	16	26	15.2141533901445	14	14	29
EPI103320_A_Moscow_10_1999	EPI358781_A_Fujian_411_2002	2002.7.1	29.3438310485365	29	29	35	29.9948128936643	29	27	39
EPI103320_A_Moscow_10_1999	EPI367109_A_California_7_2004	2004.9.16	34.3512412004446	34	34	41	35.1604297888107	34	33	45
EPI103320_A_Moscow_10_1999	KJ855376_A_Mexico_DIF835_2003	2003.7.4	26.3508706928492	26	26	32	33.1630233419785	32	31	43
EPI103320_A_Moscow_10_1999	KJ855448_A_Mexico_DIF2662_2003	2003.12.15	28.2915894775843	28	26	34	30.145238977399	29	28	40
EPI358781_A_Fujian_411_2002	CY002007_A_New_York_359_2005	2005.1.17	14.2104483141904	11	10	26	14.4705446461652	9	8	33
EPI358781_A_Fujian_411_2002	CY002015_A_New_York_361_2005	2005.2.2	16.2134123749537	13	12	29	16.4364579473879	11	10	35
EPI358781_A_Fujian_411_2002	CY002079_A_New_York_396_2005	2005.3.4	14.208225268618	11	10	26	15.4416450537236	10	9	34
EPI358781_A_Fujian_411_2002	CY002199_A_New_York_366_2004	2004.12.20	15.2089662838088	12	11	29	20.4564653575398	15	14	39
EPI358781_A_Fujian_411_2002	CY002231_A_New_York_372_2004	2004.12.22	15.208225268618	12	11	29	19.4453501296777	14	13	38
EPI358781_A_Fujian_411_2002	CY002255_A_New_York_381_2004	2004.12.28	15.2067432382364	12	11	27	16.4320118562431	11	10	35
EPI358781_A_Fujian_411_2002	CY002263_A_New_York_383_2004	2004.12.29	15.2074842534272	12	11	27	15.4294183030752	10	9	34
EPI358781_A_Fujian_411_2002	CY002447_A_New_York_365_2004	2004.12.16	16.2067432382364	13	12	28	13.4320118562431	8	7	32
EPI358781_A_Fujian_411_2002	CY002463_A_New_York_373_2005	2005.2.22	14.2141533901445	11	10	26	18.4864764727677	13	12	37
EPI358781_A_Fujian_411_2002	CY002599_A_New_York_377_2004	2004.12.20	16.2074842534272	13	12	28	15.4305298258614	10	9	34
EPI358781_A_Fujian_411_2002	CY002719_A_New_York_319_2004	2004.11.8	16.2074842534272	13	12	28	16.4334938866247	11	10	35
EPI358781_A_Fujian_411_2002	CY002791_A_New_York_232_2004	2004.12.9	15.2067432382364	12	11	27	15.4297888106706	10	9	34
EPI358781_A_Fujian_411_2002	CY003079_A_New_York_123_2004	2004.12.16	16.2074842534272	13	12	28	15.4297888106706	10	9	34
EPI358781_A_Fujian_411_2002	CY003647_A_New_York_463_2005	2005.2.9	17.208225268618	14	13	29	18.4431270841052	13	12	37
EPI358781_A_Fujian_411_2002	CY003671_A_New_York_471_2004	2004.11.8	14.2097072989996	11	10	26	17.4357169321971	12	11	36
EPI358781_A_Fujian_411_2002	CY006091_A_New_York_465_2005	2005.3.8	16.208225268618	13	12	28	15.4342349018155	10	9	34
EPI358781_A_Fujian_411_2002	CY019156_A_New_York_900_2004	2004.12.22	15.208225268618	12	11	29	19.4453501296777	14	13	38
EPI358781_A_Fujian_411_2002	CY019164_A_New_York_900_2004	2004.12.22	15.208225268618	12	11	29	19.4453501296777	14	13	38
EPI358781_A_Fujian_411_2002	CY019180_A_New_York_905_2004	2004.12.27	15.2067432382364	12	11	27	16.4312708410522	11	10	35
EPI358781_A_Fujian_411_2002	CY019260_A_New_York_908_2004	2004.12.27	15.2067432382364	12	11	27	16.4320118562431	11	10	35
EPI358781_A_Fujian_411_2002	CY019300_A_New_York_913_2005	2005.1.10	15.2141533901445	12	11	28	16.4349759170063	11	10	35
EPI358781_A_Fujian_411_2002	CY019308_A_New_York_918_2005	2005.1.10	15.2126713597629	12	11	28	15.4342349018155	10	9	34
EPI358781_A_Fujian_411_2002	CY019324_A_New_York_918_2005	2005.1.10	15.2126713597629	12	11	28	15.4334938866247	10	9	34
EPI358781_A_Fujian_411_2002	CY020540_A_New_York_913_2005	2005.1.10	15.2141533901445	12	11	28	16.4349759170063	11	10	35
EPI358781_A_Fujian_411_2002	CY038686_A_Hong_Kong_HKU42_2005	2005.1.6	16.2412004446091	13	12	28	11.4731381993331	6	5	30
EPI358781_A_Fujian_411_2002	CY038702_A_Hong_Kong_HKU62_2005	2005.5.13	19.2189699888848	16	15	31	23.4672100778066	18	17	42
EPI358781_A_Fujian_411_2002	CY038710_A_Hong_Kong_HKU65_2005	2005.5.17	17.2160059281215	14	13	30	22.453871804372	17	16	41
EPI358781_A_Fujian_411_2002	CY038718_A_Hong_Kong_HKU67_2005	2005.5.23	17.2167469433123	14	13	29	19.4568358651352	14	13	38
EPI358781_A_Fujian_411_2002	CY038734_A_Hong_Kong_HKU69_2005	2005.5.27	17.2174879585031	14	13	29	21.457576880326	16	15	40
EPI358781_A_Fujian_411_2002	CY038742_A_Hong_Kong_HKU70_2005	2005.5.30	18.2167469433123	15	14	30	21.4605409410893	16	15	40
EPI358781_A_Fujian_411_2002	CY038758_A_Hong_Kong_HKU79_2005	2005.7.16	17.2152649129307	14	13	29	21.4546128195628	16	15	40
EPI358781_A_Fujian_411_2002	CY039054_A_Hong_Kong_HKU40_2004	2004.11.23	16.2389773990367	13	12	28	12.4716561689515	7	6	31
EPI358781_A_Fujian_411_2002	CY039062_A_Hong_Kong_HKU45_2005	2005.3.7	14.2141533901445	11	10	26	18.4664690626158	13	11	37
EPI358781_A_Fujian_411_2002	CY039070_A_Hong_Kong_HKU47_2005	2005.3.19	18.2160059281215	15	14	30	19.4546128195628	14	13	38
EPI358781_A_Fujian_411_2002	CY039214_A_Hong_Kong_HKU58_2005	2005.5.5	17.2160059281215	14	13	29	21.455724342349	16	15	40
EPI358781_A_Fujian_411_2002	CY039230_A_Hong_Kong_HKU61_2005	2005.5.11	17.2167469433123	14	13	29	20.453871804372	15	14	39
EPI358781_A_Fujian_411_2002	CY039238_A_Hong_Kong_HKU63_2005	2005.5.14	18.2160059281215	15	14	30	20.496850685439	16	13	40
EPI358781_A_Fujian_411_2002	CY040329_A_Hong_Kong_HKU52_2005	2005.4.16	18.2160059281215	15	14	30	19.3149314560949	15	12	39
EPI358781_A_Fujian_411_2002	CY040345_A_Hong_Kong_HKU75_2005	2005.6.17	18.2160059281215	15	14	30	22.4616524638755	17	16	41
EPI358781_A_Fujian_411_2002	CY040353_A_Hong_Kong_HKU76_2005	2005.6.21	18.2174879585031	15	14	30	20.4560948499444	15	14	39
EPI358781_A_Fujian_411_2002	CY040361_A_Hong_Kong_HKU77_2005	2005.6.29	17.2167469433123	14	13	29	19.4568358651352	14	13	38
EPI358781_A_Fujian_411_2002	CY043767_A_Hong_Kong_HKU72_2005	2005.6.1	18.2160059281215	15	14	30	20.3090033345684	16	13	40
EPI358781_A_Fujian_411_2002	CY043775_A_Hong_Kong_HKU78_2005	2005.7.9	18.2167469433123	15	14	30	19.4523897739904	14	13	38
EPI358781_A_Fujian_411_2002	CY044404_A_Hong_Kong_HKU73_2005	2005.6.2	18.2167469433123	15	14	30	21.4597999258985	16	15	40
EPI358781_A_Fujian_411_2002	CY090996_A_South_Carolina_NHRC0001_2005	2005.2.11	16.220081511671	13	12	28	16.4442386068914	11	10	35
EPI358781_A_Fujian_411_2002	CY091012_A_Illinois_NHRC0001_2005	2005.4.6	16.221934049648	13	12	28	16.4394220081512	11	10	35
EPI358781_A_Fujian_411_2002	CY091140_A_Texas_NHRC0001_2005	2005.2.16	17.2134123749537	14	13	29	17.455724342349	12	11	36
EPI358781_A_Fujian_411_2002	CY091316_A_Hong_Kong_NHRC0001_2005	2005.6.15	18.220081511671	15	14	30	24.4683216005928	19	18	43
EPI358781_A_Fujian_411_2002	CY091436_A_California_NHRC0002_2005	2005.2.7	18.4179325676176	15	14	31	15.4653575398296	10	9	34
EPI358781_A_Fujian_411_2002	CY100575_A_Mexico_InDRE2246_2005	2005.9.11	17.2174879585031	14	13	29	21.3127084105224	17	14	41
EPI358781_A_Fujian_411_2002	CY112996_A_Netherlands_132_2004	2004.12.4	17.2119303445721	14	13	29	17.4427565765098	12	11	36
EPI358781_A_Fujian_411_2002	EPI502253_A_Wisconsin_67_2005	2005.1.1	21.2267506483883	18	17	33	19.4635050018525	14	13	38
EPI358781_A_Fujian_411_2002	KJ855424_A_Mexico_QUE2270_2005	2005.8.11	20.2152649129307	17	16	32	20.4523897739904	15	14	39
EPI358781_A_Fujian_411_2002	KJ855472_A_Mexico_TLA2227_2005	2005.9.11	20.2167469433123	17	16	32	21.4590589107077	16	15	40
EPI367109_A_California_7_2004	CY019866_A_New_York_938_2006	2006.3.2	8.80288995924416	8	8	12	9.76398666172657	9	8	14
EPI367109_A_California_7_2004	CY020372_A_New_York_938_2006	2006.3.2	8.80326046683957	8	8	12	9.76398666172657	9	8	14
EPI367109_A_California_7_2004	CY091036_A_Illinois_NHRC0002_2005	2005.12.23	6.79918488329011	6	6	10	8.75101889588737	8	8	13
EPI367109_A_California_7_2004	CY091532_A_California_NHRC0006_2005	2005.12.2	8.6302334197851	8	8	12	6.62652834383105	6	5	10
EPI367109_A_California_7_2004	CY113004_A_Netherlands_548_2005	2005.12.26	6.80103742126714	6	6	10	10.7510188958874	10	10	15
EPI367109_A_California_7_2004	CY172198_A_New_York_1001_2005	2005.11.10	6.80066691367173	6	6	10	10.7528714338644	10	10	16
EPI367109_A_California_7_2004	CY172390_A_New_York_1028_2006	2006.2.20	8.8051130048166	8	8	13	14.7795479807336	14	13	19
EPI502253_A_Wisconsin_67_2005	CY025428_A_California_UR06_0347_2007	2007.2.19	10.5672471285661	10	10	15	11.336050389033	10	9	21
EPI502253_A_Wisconsin_67_2005	CY027570_A_Texas_UR06_0358_2007	2007.2.20	9.56428306780289	9	9	14	10.336050389033	9	9	20
EPI502253_A_Wisconsin_67_2005	CY037310_A_Qatar_AF02_2008	2008.1.29	11.5702111893294	11	11	16	14.3749536865506	13	13	24
EPI502253_A_Wisconsin_67_2005	CY037326_A_Korea_AF05_2008	2008.2.19	13.569840681734	13	13	18	19.3934790663209	18	17	29
EPI502253_A_Wisconsin_67_2005	CY039406_A_Taiwan_70002_2007	2007.1.2	10.5020377917747	10	10	15	6.17043349388662	5	5	13
EPI502253_A_Wisconsin_67_2005	CY039414_A_Taiwan_70113_2007	2007.1.15	6.52426824749907	6	6	11	8.17228603186365	7	7	16
EPI502253_A_Wisconsin_67_2005	CY040057_A_Taiwan_70307_2007	2007.2.3	7.50351982215635	7	7	12	7.16524638755094	6	6	14
EPI502253_A_Wisconsin_67_2005	CY040073_A_Taiwan_2361_2007	2007.11.12	10.5683586513524	10	10	15	14.3682845498333	13	13	24
EPI502253_A_Wisconsin_67_2005	CY040105_A_Taiwan_70120_2008	2008.1.15	9.56872915894776	9	9	14	13.3449425713227	12	12	23
EPI502253_A_Wisconsin_67_2005	CY044603_A_Boston_40_2008	2008.2.15	13.5690996665432	13	13	18	17.4683216005928	16	15	27
EPI502253_A_Wisconsin_67_2005	CY044827_A_Boston_88_2008	2008.4.16	11.5690996665432	11	10	16	14.361615413116	13	13	24
EPI502253_A_Wisconsin_67_2005	CY113020_A_Netherlands_377_2008	2008.9.27	13.5709522045202	13	12	18	16.3705075954057	15	15	26
EPI502253_A_Wisconsin_67_2005	CY114404_A_Netherlands_363_2006	2006.12.24	13.1337532419415	12	12	18	7.36309744349759	6	6	15
EPI502253_A_Wisconsin_67_2005	CY114412_A_Netherlands_69_2007	2007.2.19	10.5809559095961	10	10	15	16.3338273434605	15	15	26
EPI502253_A_Wisconsin_67_2005	CY114420_A_Netherlands_348_2007	2007.11.6	8.56798814375695	8	8	13	11.3471656168951	10	10	21
EPI502253_A_Wisconsin_67_2005	CY173286_A_New_York_1155_2008	2008.3.27	11.5694701741386	11	10	16	15.3356798814376	14	14	25
EPI502253_A_Wisconsin_67_2005	EPI577980_A_Brisbane_10_2007	2007.2.6	10.5657650981845	10	10	15	10.3538347536124	9	9	20
EPI577980_A_Brisbane_10_2007	CY050611_A_New_York_3018_2009	2009.4.27	11.1504260837347	11	9	14	13.010003705076	15	9	18
EPI577980_A_Brisbane_10_2007	CY050731_A_New_York_3143_2009	2009.4.30	10.1504260837347	10	8	13	12.0062986291219	14	8	17
EPI577980_A_Brisbane_10_2007	CY050795_A_New_York_3491_2009	2009.5.11	10.1496850685439	10	8	13	12.0062986291219	14	8	17
EPI577980_A_Brisbane_10_2007	CY050827_A_New_York_3738_2009	2009.5.20	11.1511670989255	11	9	14	13.0070396443127	15	9	18
EPI577980_A_Brisbane_10_2007	CY064830_A_California_VRDL138_2009	2009.4.29	7.14820303816228	7	5	10	13.0288995924416	15	9	18
EPI577980_A_Brisbane_10_2007	CY067976_A_California_VRDL339_2009	2009.5.4	11.1489440533531	11	9	14	14.0485364949981	16	10	19
EPI577980_A_Brisbane_10_2007	CY068104_A_California_VRDL368_2009	2009.4.27	5.15264912930715	5	3	8	16.0066691367173	18	12	22
EPI577980_A_Brisbane_10_2007	CY068208_A_California_VRDL170_2009	2009.4.28	5.15042608373472	5	3	8	14.0281585772508	16	10	19
EPI577980_A_Brisbane_10_2007	CY068232_A_California_VRDL188_2009	2009.4.29	5.14894405335309	5	3	8	16.9985179696184	19	13	22
EPI577980_A_Brisbane_10_2007	CY068296_A_California_VRDL247_2009	2009.4.29	5.14894405335309	5	3	8	17.0029640607632	19	13	22
EPI577980_A_Brisbane_10_2007	CY068336_A_California_VRDL260_2009	2009.5.1	11.1496850685439	11	9	14	16.0133382734346	18	12	21
EPI577980_A_Brisbane_10_2007	CY068360_A_California_VRDL263_2009	2009.4.30	11.1489440533531	11	9	14	13.0085216746943	15	9	18
EPI577980_A_Brisbane_10_2007	CY068416_A_California_VRDL277_2009	2009.4.30	10.1496850685439	10	8	13	12.0077806595035	14	8	17
EPI577980_A_Brisbane_10_2007	CY068480_A_California_VRDL309_2009	2009.5.2	5.15042608373472	5	3	8	12.0192663949611	14	8	17
EPI577980_A_Brisbane_10_2007	CY068640_A_California_VRDL394_2009	2009.4.28	5.14894405335309	5	3	8	16.9985179696184	19	13	22
EPI577980_A_Brisbane_10_2007	CY068781_A_California_VRDL205_2009	2009.4.29	6.14894405335309	6	4	9	17.9985179696184	20	14	23
EPI577980_A_Brisbane_10_2007	CY069322_A_Korea_WRAIR1038P_2009	2009.4.9	11.1541311596888	11	9	14	14.0033345683587	16	10	19
EPI577980_A_Brisbane_10_2007	CY069426_A_Japan_WRAIR1140P_2009	2009.2.9	6.15190811411634	6	4	9	17.9944423860689	20	12	24
EPI577980_A_Brisbane_10_2007	CY072221_A_New_York_20343_2010	2010.6.16	14.1585772508336	14	12	17	17.0351982215635	19	12	22
EPI577980_A_Brisbane_10_2007	CY077432_A_California_VRDL356_2009	2009.6.2	10.1496850685439	10	8	13	12.0077806595035	14	8	17
EPI577980_A_Brisbane_10_2007	CY084416_A_New_York_3918_2009	2009.6.5	12.1496850685439	12	10	15	13.0070396443127	15	9	18
EPI577980_A_Brisbane_10_2007	CY089740_A_Boston_40_2009	2009.2.27	5.14894405335309	5	3	8	17.0029640607632	19	13	22
EPI577980_A_Brisbane_10_2007	CY089756_A_Boston_75_2009	2009.1.16	5.14894405335309	5	3	8	12.0200074101519	14	8	17
EPI577980_A_Brisbane_10_2007	CY093237_A_South_Korea_WRAIR1171P_2009	2009.1.1	8.1493145609485	8	6	11	15.0170433493887	17	11	20
EPI577980_A_Brisbane_10_2007	CY093316_A_Kyrgyzstan_WRAIR1256P_2008	2008.12.1	7.14672100778066	7	5	10	12.9925898480919	15	9	18
EPI577980_A_Brisbane_10_2007	CY093348_A_Kuwait_WRAIR1561P_2009	2009.1.1	5.14746202297147	5	3	8	13	15	9	18
EPI577980_A_Brisbane_10_2007	CY106599_A_Hong_Kong_H090_671_V10_2009	2009.7.6	8.15190811411634	8	6	11	23.0266765468692	25	18	29
EPI577980_A_Brisbane_10_2007	CY106647_A_Hong_Kong_H090_689_V22_2009	2009.7.12	10.1511670989255	10	8	13	14.0111152278622	16	10	19
EPI577980_A_Brisbane_10_2007	CY106655_A_Hong_Kong_H090_692_V10_2009	2009.7.10	10.1496850685439	10	8	13	17.0092626898851	19	13	22
EPI577980_A_Brisbane_10_2007	CY106703_A_Hong_Kong_H090_714_V10_2009	2009.7.15	11.1519081141163	11	9	14	15.0077806595035	17	11	20
EPI577980_A_Brisbane_10_2007	CY106735_A_Hong_Kong_H090_720_V31_2009	2009.7.24	8.15190811411634	8	6	11	23.0266765468692	25	18	29
EPI577980_A_Brisbane_10_2007	CY106743_A_Hong_Kong_H090_724_V10_2009	2009.7.20	12.1522786217117	12	10	15	13.0111152278622	15	9	18
EPI577980_A_Brisbane_10_2007	CY106751_A_Hong_Kong_H090_724_V20_2009	2009.7.22	12.1522786217117	12	10	15	13.0111152278622	15	9	18
EPI577980_A_Brisbane_10_2007	CY106791_A_Hong_Kong_H090_733_V10_2009	2009.7.22	11.1496850685439	11	9	14	15.0055576139311	17	11	20
EPI577980_A_Brisbane_10_2007	CY106847_A_Hong_Kong_H090_739_V22_2009	2009.7.27	14.1511670989255	14	12	17	13.0085216746943	15	9	18
EPI577980_A_Brisbane_10_2007	CY106863_A_Hong_Kong_H090_739_V33_2009	2009.7.29	14.1511670989255	14	12	17	13.0085216746943	15	9	18
EPI577980_A_Brisbane_10_2007	CY106871_A_Hong_Kong_H090_741_V10_2009	2009.7.24	12.1500555761393	12	10	15	14.0111152278622	16	10	19
EPI577980_A_Brisbane_10_2007	CY106879_A_Hong_Kong_H090_747_V10_2009	2009.7.28	13.153390144498	13	11	16	13.0092626898851	15	9	18
EPI577980_A_Brisbane_10_2007	CY113028_A_Netherlands_69_2009	2009.1.12	6.15005557613931	6	4	9	12.0207484253427	14	8	17
EPI577980_A_Brisbane_10_2007	CY113044_A_Netherlands_761_2009	2009.6.25	7.16005928121526	7	5	10	17.0733605038903	19	12	23
EPI577980_A_Brisbane_10_2007	CY115527_A_Hong_Kong_H090_689_V20_2009	2009.7.12	10.1511670989255	10	8	13	14.0111152278622	16	10	19
EPI577980_A_Brisbane_10_2007	CY115647_A_Hong_Kong_H090_726_V10_2009	2009.7.20	10.1496850685439	10	8	13	15.0055576139311	17	11	20
EPI577980_A_Brisbane_10_2007	CY115687_A_Hong_Kong_H090_734_V32_2009	2009.7.27	10.1496850685439	10	8	13	14.0077806595035	16	10	19
EPI577980_A_Brisbane_10_2007	CY115727_A_Hong_Kong_H090_739_V23_2009	2009.7.27	14.1511670989255	14	12	17	13.0092626898851	15	9	18
EPI577980_A_Brisbane_10_2007	CY115735_A_Hong_Kong_H090_739_V33_2009	2009.7.29	14.1511670989255	14	12	17	13.0085216746943	15	9	18
EPI577980_A_Brisbane_10_2007	CY147666_A_Mexico_24013_2008	2008.12.1	8.14486846980363	8	6	11	12.0266765468692	14	8	18
EPI577980_A_Brisbane_10_2007	EPI577969_A_Perth_16_2009	2009.4.7	11.1559836976658	11	9	14	13.0062986291219	15	9	18
EPI577980_A_Brisbane_10_2007	HQ664917_A_Nanjing_1655_2010	2010.9.10	17.1630233419785	17	15	22	19.0574286772879	21	14	24
EPI577980_A_Brisbane_10_2007	HQ664922_A_Nanjing_1654_2010	2010.9.10	13.1704334938866	13	11	18	21.1482030381623	23	16	27
EPI577980_A_Brisbane_10_2007	HQ664929_A_Nanjing_1663_2010	2010.9.10	17.1645053723601	17	15	22	21.0533530937384	23	16	26
EPI577980_A_Brisbane_10_2007	KY049985_A_Qinghai_178_2010	2010.3.15	13.1615413115969	13	11	18	22.0563171545017	24	17	28
EPI577969_A_Perth_16_2009	CY091580_A_Illinois_NHRC0002_2011	2011.1.19	14.0500185253798	14	14	18	17.6376435716932	18	16	24
EPI577969_A_Perth_16_2009	CY091588_A_California_NHRC0001_2011	2011.1.14	15.049277510189	15	15	19	19.63467951093	20	18	26
EPI577969_A_Perth_16_2009	CY092272_A_California_NHRC0003_2011	2011.1.28	15.0496480177844	15	15	19	17.6361615413116	18	16	24
EPI577969_A_Perth_16_2009	CY092288_A_California_NHRC0002_2011	2011.1.16	14.049277510189	14	14	18	18.6354205261208	19	17	25
EPI577969_A_Perth_16_2009	CY093221_A_District_of_Columbia_WRAIR0300_2010	2010.11.17	14.0518710633568	14	14	18	9.61504260837347	10	8	16
EPI577969_A_Perth_16_2009	CY093540_A_Mexico_City_WRAIR3579T_2010	2010.12.9	14.0485364949981	14	14	18	17.6324564653575	18	16	24
EPI577969_A_Perth_16_2009	CY111165_A_Boston_DOA05_2011	2011.1.11	13.0466839570211	13	13	17	16.6417191552427	17	15	21
EPI577969_A_Perth_16_2009	CY111309_A_Boston_DOA48_2011	2011.2.16	15.0429788810671	15	15	17	10.5950351982216	11	9	15
EPI577969_A_Perth_16_2009	CY111317_A_Boston_DOA51_2011	2011.2.18	15.0429788810671	15	15	17	9.597258243794	10	8	14
EPI577969_A_Perth_16_2009	CY111421_A_Boston_DOA78_2011	2011.3.14	13.0466839570211	13	13	17	16.6417191552427	17	15	21
EPI577969_A_Perth_16_2009	CY114428_A_Netherlands_063_2011	2011.1.5	7.88551315301964	6	6	12	12.544275657651	12	12	17
EPI577969_A_Perth_16_2009	CY114516_A_Netherlands_034_2010	2010.12.23	17.6183771767321	17	17	23	10.5994812893664	11	9	15
EPI577969_A_Perth_16_2009	CY134520_A_Boston_DOA38_2011	2011.2.12	14.0481659874027	14	14	18	18.6428306780289	19	17	24
EPI577969_A_Perth_16_2009	CY134568_A_Boston_DOA47_2011	2011.2.14	14.094108929233	14	14	18	19.6461652463876	20	18	26
EPI577969_A_Perth_16_2009	CY167515_A_Tennessee_F2018A_2011	2011.1.24	15.049277510189	15	15	19	17.6369025565024	18	16	24
EPI577969_A_Perth_16_2009	CY167571_A_Tennessee_F2031A_2011	2011.2.7	14.0503890329752	14	14	18	17.6491293071508	18	16	24
EPI577969_A_Perth_16_2009	EPI417234_A_Victoria_361_2011	2011.10.24	15.6194886995183	15	15	21	12.6024453501297	13	11	17
EPI577969_A_Perth_16_2009	EPI556813_A_Texas_50_2012	2012.4.15	18.6224527602816	18	18	24	15.6105965172286	16	14	21
EPI577969_A_Perth_16_2009	KC882441_A_Iowa_19_2010	2010.12.30	14.0466839570211	14	14	18	17.6313449425713	18	16	22
EPI577969_A_Perth_16_2009	KC882476_A_Texas_24_2010	2010.12.31	14.0489070025936	14	14	18	17.6331974805484	18	16	24
EPI577969_A_Perth_16_2009	KC882565_A_New_Jersey_01_2011	2011.1.11	14.0422378658763	14	14	16	10.597258243794	11	9	15
EPI577969_A_Perth_16_2009	KC882641_A_Texas_06_2011	2011.2.5	15.049277510189	15	15	19	17.6376435716932	18	16	24
EPI577969_A_Perth_16_2009	KC892843_A_Nevada_12_2012	2012.3.30	17.0700259355317	17	17	21	24.6191181919229	25	22	32
EPI577969_A_Perth_16_2009	KR137644_A_Bethesda_NIH12_2011	2011.2.15	14.4053353093738	14	14	18	16.6528343831049	17	15	21
EPI577969_A_Perth_16_2009	KT888257_A_Moscow_1514A00504942N_2012	2012.1.19	14.400889218229	14	14	18	15.7417562060022	16	14	24
EPI577969_A_Perth_16_2009	KT888258_A_Moscow_1514A00504950T_2012	2012.1.11	16.0466839570211	16	16	18	13.6398666172657	14	12	20
EPI577969_A_Perth_16_2009	KT888259_A_Moscow_1514A00505149T_2012	2012.4.12	17.0963319748055	17	17	21	15.6702482400889	16	14	22
EPI577969_A_Perth_16_2009	KT888260_A_Moscow_1514A00505153N_2012	2012.3.23	17.0955909596147	17	17	21	15.6717302704705	16	14	22
EPI577969_A_Perth_16_2009	KT888261_A_Moscow_1514A00505162N_2012	2012.4.13	17.0955909596147	17	17	21	15.6702482400889	16	14	22
EPI577969_A_Perth_16_2009	KT888262_A_Mexico_City_1514A00904139N_CP2_2010	2010.12.29	14.0496480177844	14	14	18	19.6372730640978	20	18	26
EPI577969_A_Perth_16_2009	KT888267_A_Amman_1514A01004462T_2012	2012.1.11	17.6287513894035	17	17	23	16.6309744349759	17	15	24
EPI577969_A_Perth_16_2009	KT888268_A_Amman_1514A01004465T_2011	2011.12.5	17.6280103742127	17	17	23	16.6257873286402	17	15	24
EPI577969_A_Perth_16_2009	KT888275_A_Hong_Kong_1514A01704826T_2011	2011.11.15	18.6231937754724	18	18	24	16.6120785476102	17	15	22
EPI577969_A_Perth_16_2009	KT888279_A_Prague_1514A06404885N_2012	2012.4.12	17.6306039273805	17	17	23	16.6183771767321	17	15	22
EPI577969_A_Perth_16_2009	KT888281_A_Sarajevo_1514A06604486N_2012	2012.1.11	16.0537236013338	16	16	20	20.6598740274176	21	19	27
EPI577969_A_Perth_16_2009	KT888283_A_Budapest_1514A07804502N_2011	2011.12.12	14.0414968506854	14	14	16	11.6165246387551	12	10	18
EPI577969_A_Perth_16_2009	KT888944_A_Yokosuka_SE680_2012	2012.1.24	14.0444609114487	14	14	16	19.6257873286402	20	17	26
EPI577969_A_Perth_16_2009	KT888945_A_Yokosuka_SE863_2012	2012.2.3	15.0459429418303	15	15	17	13.6361615413116	14	12	20
EPI577969_A_Perth_16_2009	KT889082_A_Japan_17_2012	2012.1.31	14.0444609114487	14	14	16	16.6280103742127	17	14	23
EPI577969_A_Perth_16_2009	KT889083_A_Korea_18_2012	2012.1.24	17.6261578362356	17	17	23	15.6150426083735	16	14	21
EPI577969_A_Perth_16_2009	KT889087_A_Japan_22_2011	2011.12.20	17.0503890329752	17	17	21	20.652093367914	21	19	27
EPI577969_A_Perth_16_2009	KT889091_A_Japan_26_2012	2012.3.5	17.1000370507595	17	17	21	16.6765468692108	17	15	23
EPI577969_A_Perth_16_2009	KT889099_A_Korea_37_2012	2012.1.19	18.6224527602816	18	18	24	14.622823267877	15	13	21
EPI577969_A_Perth_16_2009	KT889102_A_Kyrgyzstan_40_2012	2012.1.12	18.6224527602816	18	18	24	14.6120785476102	15	13	20
EPI577969_A_Perth_16_2009	KT889103_A_Kyrgyzstan_41_2012	2012.1.12	18.6224527602816	18	18	24	14.6120785476102	15	13	20
EPI577969_A_Perth_16_2009	KT889104_A_Japan_42_2012	2012.1.31	14.0444609114487	14	14	16	16.6287513894035	17	14	23
EPI577969_A_Perth_16_2009	KT889105_A_Japan_43_2012	2012.2.5	14.0444609114487	14	14	16	16.6272693590219	17	14	23
EPI577969_A_Perth_16_2009	KT889107_A_Korea_45_2012	2012.1.13	15.0437198962579	15	15	17	14.63467951093	15	13	21
EPI577969_A_Perth_16_2009	KT889108_A_Korea_47_2012	2012.1.20	17.6224527602816	17	17	23	15.6157836235643	16	14	21
EPI577969_A_Perth_16_2009	MK640845_A_China_38887_2012	2012.8.29	18.6165246387551	18	18	24	19.6721007780659	20	18	25
EPI577969_A_Perth_16_2009	MK640846_A_China_38888_2012	2012.8.29	18.6257873286402	18	18	24	16.6224527602816	17	15	22
EPI577969_A_Perth_16_2009	MK640847_A_China_39207_2012	2012.9.26	19.6120785476102	19	19	25	17.6239347906632	18	16	23
EPI577969_A_Perth_16_2009	MK729833_A_New_York_WC_LVD_10_001_2010	2010.11.4	12.039273805113	12	12	14	9.59021859948129	10	8	14
EPI577969_A_Perth_16_2009	MK729873_A_New_York_WC_LVD_10_006_2010	2010.12.16	10.3423490181549	12	8	14	9.67914042237866	10	8	14
EPI417234_A_Victoria_361_2011	CY134779_A_Texas_JMM_8_2012	2012.11.20	16.5968877361986	17	14	22	24.7732493516117	24	22	30
EPI417234_A_Victoria_361_2011	CY135131_A_Texas_JMM_54_2012	2012.12.6	4.02037791774731	4	4	6	10.7599110781771	11	10	14
EPI417234_A_Victoria_361_2011	CY148427_A_Boston_DOA2_112_2012	2012.12.4	5.03742126713598	5	5	9	7.76361615413116	8	7	12
EPI417234_A_Victoria_361_2011	CY148547_A_Boston_DOA2_128_2012	2012.12.18	6.03593923675435	6	6	10	8.76065209336791	9	8	13
EPI417234_A_Victoria_361_2011	CY148707_A_Boston_DOA2_149_2013	2013.1.9	6.02482400889218	6	6	8	11.7851055946647	12	11	16
EPI417234_A_Victoria_361_2011	CY148787_A_Boston_DOA2_161_2013	2013.1.2	5.03075213041867	5	5	7	12.7854761022601	13	12	18
EPI417234_A_Victoria_361_2011	CY148923_A_Boston_DOA2_180_2013	2013.1.13	6.02185994812894	6	6	8	9.77436087439792	10	9	13
EPI417234_A_Victoria_361_2011	CY149131_A_Boston_DOA2_218_2013	2013.1.15	7.02111893293813	7	7	9	6.79733234531308	7	6	11
EPI417234_A_Victoria_361_2011	CY149323_A_Boston_DOA2_245_2013	2013.1.25	6.02185994812894	6	6	8	9.77732493516117	10	9	13
EPI417234_A_Victoria_361_2011	CY167934_A_Boston_YGA_00008_2012	2012.12.19	7.02111893293813	7	7	9	7.76176361615413	8	7	11
EPI417234_A_Victoria_361_2011	CY168094_A_Boston_YGA_00035_2013	2013.1.10	6.02185994812894	6	6	8	9.77436087439792	10	9	13
EPI417234_A_Victoria_361_2011	CY168238_A_Boston_YGA_00054_2013	2013.1.24	7.02260096331975	7	7	9	12.7880696554279	13	12	16
EPI417234_A_Victoria_361_2011	CY168846_A_Boston_YGA_01045_2012	2012.12.25	13.5924416450537	14	12	19	21.7621341237495	21	19	27
EPI417234_A_Victoria_361_2011	CY168878_A_Boston_YGA_01049_2012	2012.12.26	5.02037791774731	5	5	7	10.7658391997036	11	10	14
EPI417234_A_Victoria_361_2011	CY169366_A_Boston_YGA_01115_2013	2013.1.1	7.02185994812894	7	7	9	7.76843275287143	8	7	11
EPI417234_A_Victoria_361_2011	CY169798_A_Boston_YGA_01173_2013	2013.1.17	7.02111893293813	7	7	9	6.79659133012227	7	6	11
EPI417234_A_Victoria_361_2011	CY169878_A_Boston_YGA_01186_2013	2013.1.21	5.02482400889218	5	5	7	13.7639866617266	14	13	17
EPI417234_A_Victoria_361_2011	CY170126_A_Boston_YGA_02003_2012	2012.12.17	6.02778806965543	6	6	8	9.76769173768062	10	9	13
EPI417234_A_Victoria_361_2011	CY170350_A_Boston_YGA_02039_2013	2013.1.19	5.02037791774731	5	5	7	11.7865876250463	12	11	16
EPI417234_A_Victoria_361_2011	CY170574_A_Santa_Clara_YGA_03016_2013	2013.1.17	5.02223045572434	5	5	7	8.77547239718414	9	8	13
EPI417234_A_Victoria_361_2011	CY170998_A_Santa_Clara_YGA_03074_2013	2013.1.8	4.02185994812894	4	4	6	11.7873286402371	12	11	16
EPI417234_A_Victoria_361_2011	CY171246_A_Chicago_YGA_04053_2012	2012.12.18	4.02037791774731	4	4	6	11.7617636161541	12	11	15
EPI417234_A_Victoria_361_2011	CY171270_A_Chicago_YGA_04056_2012	2012.12.18	5.02185994812894	5	5	7	12.7573175250093	13	12	16
EPI417234_A_Victoria_361_2011	CY171342_A_Chicago_YGA_04090_2012	2012.12.26	5.02185994812894	5	5	7	13.7713968136347	14	13	17
EPI417234_A_Victoria_361_2011	CY171406_A_Chicago_YGA_04102_2012	2012.12.27	4.02037791774731	4	4	6	11.7617636161541	12	11	15
EPI417234_A_Victoria_361_2011	CY171638_A_Chicago_YGA_04135_2013	2013.1.3	5.02037791774731	5	5	7	12.7669507224898	13	12	17
EPI417234_A_Victoria_361_2011	CY171734_A_Chicago_YGA_04198_2013	2013.1.23	13.5961467210078	14	12	19	23.7751018895887	23	21	29
EPI417234_A_Victoria_361_2011	CY182800_A_Houston_JMM_74_2012	2012.12.15	4.02037791774731	4	4	6	10.7606520933679	11	10	14
EPI417234_A_Victoria_361_2011	CY182848_A_Houston_JMM_80_2012	2012.12.18	4.02037791774731	4	4	6	8.76287513894035	9	8	12
EPI417234_A_Victoria_361_2011	CY182880_A_Houston_JMM_85_2012	2012.12.19	4.02037791774731	4	4	6	8.76287513894035	9	8	12
EPI417234_A_Victoria_361_2011	CY182960_A_Houston_JMM_96_2012	2012.12.29	4.02037791774731	4	4	6	8.76361615413116	9	8	12
EPI417234_A_Victoria_361_2011	CY183136_A_Houston_JMM_120_2013	2013.1.8	7.02185994812894	7	7	9	11.7791774731382	12	11	16
EPI417234_A_Victoria_361_2011	CY207362_A_New_York_WC_LVD_14_073_2014	2014.12.3	12.0307521304187	12	12	14	16.7943682845498	17	16	20
EPI417234_A_Victoria_361_2011	CY207634_A_New_York_WC_LVD_14_094_2014	2014.12.26	11.3542052612079	11	11	15	13.8006669136717	14	12	18
EPI417234_A_Victoria_361_2011	CY207882_A_New_York_WC_LVD_14_097_2014	2014.11.10	11.0307521304187	11	11	13	15.8258614301593	16	15	20
EPI417234_A_Victoria_361_2011	EPI614441_A_Switzerland_9715293_2013	2013.12.6	10.0251945164876	10	10	12	9.78065950351982	10	9	13
EPI417234_A_Victoria_361_2011	KF034876_A_Suzhou_1275_2013	2013.4.4	6.02260096331975	6	6	8	8.77547239718414	9	7	13
EPI417234_A_Victoria_361_2011	KR057629_A_Hawaii_39_2014	2014.8.13	10.0400148203038	10	10	12	14.8380881808077	15	14	20
EPI417234_A_Victoria_361_2011	KR057691_A_California_18_2014	2014.8.8	14.0226009633197	14	14	16	9.82400889218229	10	9	14
EPI417234_A_Victoria_361_2011	KT835748_A_Maryland_02_2015	2015.1.24	13.0326046683957	13	13	15	13.8321600592812	14	13	18
EPI417234_A_Victoria_361_2011	KT835964_A_California_20_2015	2015.1.20	13.0359392367544	13	13	15	11.8262319377547	12	11	16
EPI417234_A_Victoria_361_2011	KT836015_A_North_Carolina_25_2015	2015.1.25	11.0292701000371	11	11	13	13.8269729529455	14	13	18
EPI417234_A_Victoria_361_2011	KT836198_A_North_Carolina_03_2015	2015.1.20	12.0329751759911	12	12	14	12.8277139681363	13	12	17
EPI417234_A_Victoria_361_2011	KT836316_A_West_Virginia_07_2015	2015.1.25	12.0329751759911	12	12	14	15.8306780288996	16	15	20
EPI417234_A_Victoria_361_2011	KT836426_A_Iowa_12_2015	2015.1.30	12.0307521304187	12	12	14	15.8699518340126	16	14	20
EPI417234_A_Victoria_361_2011	KT837113_A_California_19_2014	2014.9.4	12.0292701000371	12	12	14	12.8232678769915	13	12	17
EPI417234_A_Victoria_361_2011	KT837844_A_Colorado_15_2014	2014.10.4	11.0292701000371	11	11	13	13.8240088921823	14	13	18
EPI417234_A_Victoria_361_2011	KT837873_A_Mississippi_05_2014	2014.10.14	12.0292701000371	12	12	14	13.829195998518	14	13	18
EPI417234_A_Victoria_361_2011	KT838103_A_Maryland_28_2014	2014.10.14	11.0311226380141	11	11	13	12.8240088921823	13	12	17
EPI417234_A_Victoria_361_2011	KT838296_A_Minnesota_28_2014	2014.10.18	11.0300111152279	11	11	13	11.8240088921823	12	11	16
EPI417234_A_Victoria_361_2011	KT838328_A_Louisiana_11_2014	2014.10.21	13.0351982215635	13	13	15	10.8232678769915	11	10	15
EPI417234_A_Victoria_361_2011	KT838891_A_Georgia_04_2014	2014.11.20	12.0292701000371	12	12	14	12.8262319377547	13	12	17
EPI417234_A_Victoria_361_2011	KT838993_A_Missouri_11_2014	2014.11.18	15.0351982215635	15	15	17	11.8240088921823	12	11	16
EPI417234_A_Victoria_361_2011	KT839062_A_Texas_62_2014	2014.11.3	13.0300111152279	13	13	15	13.8232678769915	14	13	18
EPI417234_A_Victoria_361_2011	KT839395_A_Pennsylvania_49_2014	2014.11.28	13.0300111152279	13	13	17	10.8217858466099	11	10	15
EPI417234_A_Victoria_361_2011	KT839657_A_Alabama_10_2014	2014.12.4	12.0300111152279	12	12	14	13.8225268618007	14	13	18
EPI417234_A_Victoria_361_2011	KT840076_A_Tennessee_15_2014	2014.12.9	12.0314931456095	12	12	14	13.8284549833272	14	13	18
EPI417234_A_Victoria_361_2011	KT840285_A_Virginia_37_2014	2014.12.5	11.0300111152279	11	11	13	12.8269729529455	13	12	17
EPI417234_A_Victoria_361_2011	KT840798_A_Massachusetts_23_2014	2014.12.14	11.0300111152279	11	11	13	15.7951092997406	16	15	19
EPI417234_A_Victoria_361_2011	KT840865_A_Washington_60_2014	2014.12.23	14.0226009633197	14	14	16	10.8228973693961	11	10	15
EPI417234_A_Victoria_361_2011	KT841078_A_California_43_2014	2014.12.23	11.0300111152279	11	11	13	16.793627269359	17	16	20
EPI417234_A_Victoria_361_2011	KT841228_A_North_Carolina_06_2015	2015.1.7	13.0351982215635	13	13	15	10.8277139681363	11	10	15
EPI417234_A_Victoria_361_2011	KT841571_A_Rhode_Island_05_2015	2015.1.7	11.0314931456095	11	11	13	17.7995553908855	18	17	21
EPI417234_A_Victoria_361_2011	KT841585_A_South_Dakota_01_2015	2015.1.5	11.0307521304187	11	11	13	12.8277139681363	13	12	17
EPI417234_A_Victoria_361_2011	KT841691_A_Kentucky_01_2015	2015.1.1	13.0300111152279	13	13	15	12.8277139681363	13	12	17
EPI417234_A_Victoria_361_2011	KT841712_A_Wisconsin_02_2015	2015.1.6	11.0307521304187	11	11	13	13.8284549833272	14	13	18
EPI417234_A_Victoria_361_2011	KT842043_A_Indiana_13_2015	2015.2.17	13.0377917747314	13	13	15	18.8499444238607	19	17	23
EPI417234_A_Victoria_361_2011	KT842079_A_Pennsylvania_05_2015	2015.2.6	11.0307521304187	11	11	13	16.8432752871434	17	16	21
EPI417234_A_Victoria_361_2011	KT842218_A_Delaware_18_2015	2015.2.23	11.0307521304187	11	11	13	14.8314190440904	15	14	19
EPI417234_A_Victoria_361_2011	KT842837_A_South_Dakota_35_2015	2015.3.14	11.0307521304187	11	11	13	12.8477213782883	13	12	17
EPI417234_A_Victoria_361_2011	KT842864_A_North_Dakota_06_2015	2015.3.8	13.0377917747314	13	13	15	13.846609855502	14	13	18
EPI417234_A_Victoria_361_2011	KT843589_A_Iowa_34_2015	2015.7.30	11.0314931456095	11	11	13	19.807336050389	20	19	23
EPI417234_A_Victoria_361_2011	KT843646_A_Alaska_26_2015	2015.6.14	12.0340866987773	12	12	14	20.8347536124491	21	19	25
EPI417234_A_Victoria_361_2011	KT843896_A_Ohio_26_2015	2015.8.17	12.0322341608003	12	12	14	16.805483512412	17	16	20
EPI417234_A_Victoria_361_2011	KT844012_A_Iowa_28_2015	2015.7.30	11.0314931456095	11	11	13	20.8065950351982	21	20	24
EPI417234_A_Victoria_361_2011	KT844048_A_Washington_36_2015	2015.5.10	16.0318636532049	16	16	18	13.8321600592812	14	13	18
EPI417234_A_Victoria_361_2011	KT844075_A_Alaska_69_2015	2015.6.26	11.0318636532049	11	11	13	18.8080770655798	19	18	22
EPI417234_A_Victoria_361_2011	KT888272_A_Kabul_1514A01305430N_2013	2013.1.7	5.02482400889218	5	5	7	13.8032604668396	14	12	18
EPI417234_A_Victoria_361_2011	KT888276_A_Taipei_1514A02605215N_2013	2013.5.7	5.02185994812894	5	5	7	8.76139310855872	9	8	12
EPI417234_A_Victoria_361_2011	KT888277_A_Taipei_1514A02605215T_2013	2013.5.7	5.02185994812894	5	5	7	8.76213412374954	9	8	12
EPI417234_A_Victoria_361_2011	KT888280_A_Pristina_1514A06505401N_2013	2013.2.6	6.02556502408299	6	6	8	8.77436087439792	9	8	12
EPI417234_A_Victoria_361_2011	KT888284_A_Budapest_1514A07805419T_2013	2013.2.5	5.02556502408299	5	5	7	14.7869581326417	15	13	19
EPI417234_A_Victoria_361_2011	KT888285_A_Budapest_1514A07805832T_2013	2013.2.6	5.02556502408299	5	5	7	14.7876991478325	15	13	19
EPI417234_A_Victoria_361_2011	KU589864_A_New_Hampshire_40_2015	2015.9.14	14.0351982215635	14	14	16	16.0459429418303	16	15	20
EPI417234_A_Victoria_361_2011	KU590701_A_Ohio_28_2015	2015.9.17	12.0333456835865	12	12	14	20.807336050389	21	20	25
EPI417234_A_Victoria_361_2011	KY116931_A_Alaska_232_2015	2015.9.9	14.0322341608003	14	14	16	17.8103001111523	18	17	21
EPI417234_A_Victoria_361_2011	KY487521_A_Columbia_P0079_2014	2014.12.25	13.0303816228233	13	13	15	13.8232678769915	14	13	18
EPI417234_A_Victoria_361_2011	KY509828_A_Seoul_1595_2015	2015.9.14	12.0326046683957	12	12	14	16.7995553908855	17	16	20
EPI417234_A_Victoria_361_2011	KY615536_A_Columbia_P0112_2014	2014.12.27	11.0292701000371	11	11	13	12.8254909225639	13	12	17
EPI417234_A_Victoria_361_2011	KY681484_A_Saudi_Arabia_07_2014	2014.10.4	10.353464246017	10	10	14	11.7958503149315	12	10	15
EPI417234_A_Victoria_361_2011	KY681500_A_Saudi_Arabia_28_2015	2015.9.25	11.0314931456095	11	11	13	19.8065950351982	20	19	23
EPI417234_A_Victoria_361_2011	LC032870_A_Kyoto_13K025_2014	2014.2.5	8.02185994812894	8	8	10	8.81030011115228	9	8	13
EPI417234_A_Victoria_361_2011	LC032886_A_Kyoto_13K054_2014	2014.2.13	7.02408299370137	7	7	9	8.77954798073361	9	8	13
EPI417234_A_Victoria_361_2011	LC032990_A_Hokkaido_13H009_2014	2014.1.14	9.02482400889218	9	9	11	8.81363467951093	9	8	13
EPI417234_A_Victoria_361_2011	LC033126_A_Niigata_13F024_2014	2014.1.31	10.0266765468692	10	10	12	10.8051130048166	11	10	14
EPI417234_A_Victoria_361_2011	LC033134_A_Niigata_13F335_2014	2014.3.3	6.02778806965543	6	6	8	14.7858466098555	15	14	18
EPI417234_A_Victoria_361_2011	LC033302_A_Nagasaki_13N004_2014	2014.1.2	7.02630603927381	7	7	9	9.78399407187847	10	9	14
EPI417234_A_Victoria_361_2011	LC033310_A_Nagasaki_13N007_2014	2014.1.13	7.02482400889218	7	7	9	8.77880696554279	9	8	13
EPI417234_A_Victoria_361_2011	LC033326_A_Nagasaki_13N046_2014	2014.1.30	7.02630603927381	7	7	9	16.8440163023342	17	16	21
EPI417234_A_Victoria_361_2011	MK640848_A_China_41303_2012	2012.12.24	6.02408299370137	6	6	8	8.77843645794739	9	8	12
EPI417234_A_Victoria_361_2011	MK640849_A_China_41304_2012	2012.12.24	6.02111893293813	6	6	8	7.76324564653575	8	7	11
EPI417234_A_Victoria_361_2011	MK640850_A_China_41678_2013	2013.1.5	6.02630603927381	6	6	8	11.779918488329	12	11	15
EPI417234_A_Victoria_361_2011	MK640851_A_China_41691_2013	2013.1.5	5.02037791774731	5	5	7	14.7869581326417	15	14	19
EPI417234_A_Victoria_361_2011	MK640852_A_China_44381_2013	2013.4.9	7.02185994812894	7	7	9	6.77436087439793	7	6	11
EPI417234_A_Victoria_361_2011	MK640853_A_China_51045_2013	2013.12.29	8.02223045572434	8	8	10	10.7739903668025	11	10	15
EPI417234_A_Victoria_361_2011	MK640854_A_China_51323_2014	2014.1.6	7.02408299370137	7	7	9	10.7832530566877	11	10	15
EPI417234_A_Victoria_361_2011	MK640855_A_China_51340_2014	2014.1.6	7.02260096331975	7	7	9	10.7888106706187	11	10	15
EPI417234_A_Victoria_361_2011	MK640856_A_China_55254_2014	2014.5.8	10.0251945164876	10	10	12	10.7880696554279	11	10	14
EPI417234_A_Victoria_361_2011	MK640857_A_China_55312_2014	2014.5.13	11.0270470544646	11	11	13	12.7888106706187	13	12	17
EPI417234_A_Victoria_361_2011	MK640859_A_China_59100_2014	2014.11.14	11.0288995924416	11	11	13	11.8017784364579	12	11	16
EPI417234_A_Victoria_361_2011	MK640865_A_China_60938_2014	2014.12.9	13.0292701000371	13	13	15	15.8043719896258	16	15	21
EPI417234_A_Victoria_361_2011	MK640867_A_China_J7525_2014	2014.12.9	12.0263060392738	12	12	14	14.803630974435	15	14	18
EPI417234_A_Victoria_361_2011	MK640868_A_China_J7506_2014	2014.12.9	13.02741756206	13	13	15	13.7991848832901	14	13	18
EPI417234_A_Victoria_361_2011	MK640871_A_China_60701_2014	2014.12.11	11.0259355316784	11	11	13	11.7865876250463	12	11	15
EPI417234_A_Victoria_361_2011	MK640877_A_China_61248_2014	2014.12.16	10.0266765468692	10	10	12	12.791774731382	13	12	16
EPI417234_A_Victoria_361_2011	MK640878_A_China_61391_2014	2014.12.18	12.0263060392738	12	12	14	11.8088180807707	12	11	15
EPI417234_A_Victoria_361_2011	MK640879_A_China_61007_2014	2014.12.18	15.0314931456095	15	15	17	12.829195998518	13	12	17
EPI417234_A_Victoria_361_2011	MK640881_A_China_60736_2014	2014.12.18	11.02741756206	11	11	13	13.8043719896258	14	13	17
EPI417234_A_Victoria_361_2011	MK640882_A_China_60786_2014	2014.12.18	11.0266765468692	11	11	13	14.7958503149315	15	14	19
EPI417234_A_Victoria_361_2011	MK640885_A_China_61309_2014	2014.12.18	10.0259355316784	10	10	12	12.7910337161912	13	12	16
EPI417234_A_Victoria_361_2011	MK640887_A_China_61520_2014	2014.12.19	12.0296406076325	12	12	14	13.793627269359	14	13	18
EPI417234_A_Victoria_361_2011	MK640892_A_China_61481_2014	2014.12.23	13.0318636532049	13	13	15	17.8358651352353	18	17	22
EPI417234_A_Victoria_361_2011	MK640894_A_China_62885_2015	2015.1.27	13.0344572063727	13	13	15	18.8747684327529	19	18	24
EPI417234_A_Victoria_361_2011	MK640895_A_China_62889_2015	2015.1.27	13.0403853278992	13	13	17	16.8469803630974	17	16	22
EPI417234_A_Victoria_361_2011	MK640896_A_China_62895_2015	2015.1.27	12.0366802519452	12	11	14	18.8384586884031	19	18	23
EPI417234_A_Victoria_361_2011	MK640897_A_China_63513_2015	2015.2.17	12.0329751759911	12	12	14	13.8558725453872	14	13	19
EPI417234_A_Victoria_361_2011	MK640899_A_China_66886_2015	2015.7.22	13.0340866987773	13	13	15	15.8069655427936	16	15	19
EPI417234_A_Victoria_361_2011	MK640901_A_China_67013_2015	2015.8.24	12.0318636532049	12	12	14	17.8217858466099	18	17	22
EPI417234_A_Victoria_361_2011	MK730233_A_New_York_WC_LVD_12_051_2012	2012.10.5	6.02556502408299	6	6	10	12.8088180807707	13	12	17
EPI417234_A_Victoria_361_2011	MK730273_A_New_York_WC_LVD_12_057_2012	2012.12.7	6.02185994812894	6	6	8	12.764357169322	13	12	16
EPI417234_A_Victoria_361_2011	MK730497_A_New_York_WC_LVD_12_086_2012	2012.12.17	8.02111893293812	8	8	10	6.76843275287143	7	6	10
EPI417234_A_Victoria_361_2011	MK817973_A_Maryland_178_5D_2013	2013.2.7	7.02334197851056	7	7	9	9.80251945164876	10	9	14
EPI417234_A_Victoria_361_2011	MK818117_A_Maryland_63_5D_2013	2013.1.11	7.02260096331975	7	7	9	9.80251945164876	10	9	14
EPI417234_A_Victoria_361_2011	MK969839_A_Maryland_127_17D_2013	2013.2.4	6.02185994812894	6	6	8	9.77436087439792	10	9	13
EPI417234_A_Victoria_361_2011	MK970023_A_Maryland_22_1_2012	2012.12.12	7.90700259355317	8	6	10	12.7699147832531	13	12	17
EPI614441_A_Switzerland_9715293_2013	CY208845_A_Texas_182_2016	2016.8.31	19.1908114116339	19	18	22	16.2404594294183	17	14	21
EPI614441_A_Switzerland_9715293_2013	CY264049_A_Arizona_67_2016	2016.5.4	19.1937754723972	19	19	22	23.1800666913672	24	21	27
EPI614441_A_Switzerland_9715293_2013	EPI686117_A_Hong_Kong_15611_2015	2015.10.19	16.1893293812523	16	16	19	17.1722860318637	18	15	20
EPI614441_A_Switzerland_9715293_2013	KU591160_A_Hawaii_68_2015	2015.10.5	16.1922934420156	16	16	19	17.196369025565	18	15	22
EPI614441_A_Switzerland_9715293_2013	KU592163_A_Hawaii_74_2015	2015.10.9	15.1871063356799	15	15	18	14.4060763245647	15	12	19
EPI614441_A_Switzerland_9715293_2013	KU592184_A_South_Dakota_39_2015	2015.10.13	15.1893293812523	15	15	18	20.1722860318637	21	18	23
EPI614441_A_Switzerland_9715293_2013	KX412042_A_Iowa_45_2015	2015.10.22	18.6917376806225	19	18	21	16.7465728047425	17	14	21
EPI614441_A_Switzerland_9715293_2013	KX413283_A_Georgia_40_2016	2016.3.6	2.70952204520193	3	2	6	9.36791404223787	9	8	14
EPI614441_A_Switzerland_9715293_2013	KX414582_A_Washington_26_2016	2016.1.19	15.1900703964431	15	14	18	14.2167469433123	15	12	19
EPI614441_A_Switzerland_9715293_2013	KX416117_A_Washington_47_2016	2016.3.14	16.1878473508707	16	16	19	13.4205261207855	14	11	18
EPI614441_A_Switzerland_9715293_2013	KX416429_A_Hawaii_28_2016	2016.2.29	16.2211930344572	16	15	20	16.2208225268618	17	14	21
EPI614441_A_Switzerland_9715293_2013	KX416829_A_Washington_55_2016	2016.4.12	4.701370878103	5	4	8	6.38718043719896	6	5	11
EPI614441_A_Switzerland_9715293_2013	KX417005_A_Texas_136_2016	2016.4.22	5.70915153760652	6	5	9	7.37161911819192	7	7	12
EPI614441_A_Switzerland_9715293_2013	KX916993_A_California_12_2016	2016.1.12	15.194516487588	15	15	18	19.1985920711375	20	17	24
EPI614441_A_Switzerland_9715293_2013	KX918281_A_Kentucky_26_2016	2016.4.25	3.69692478695813	4	3	7	9.38273434605409	9	8	14
EPI614441_A_Switzerland_9715293_2013	KY115915_A_Nebraska_24_2016	2016.9.19	20.1893293812523	20	19	23	15.2282326787699	16	13	20
EPI614441_A_Switzerland_9715293_2013	KY487603_A_Taipei_0020_2016	2016.1.5	18.1908114116339	18	18	21	18.1834012597258	19	16	21
EPI614441_A_Switzerland_9715293_2013	KY487612_A_Linkou_0081_2016	2016.1.26	14.1900703964431	14	14	17	16.1763616154131	17	14	19
EPI614441_A_Switzerland_9715293_2013	KY509826_A_Chungbuk_107_2016	2016.1.18	4.01074472026677	4	4	6	4.03112263801408	4	3	7
EPI614441_A_Switzerland_9715293_2013	KY509827_A_Gyeonggi_458_2016	2016.2.22	15.6057799184883	15	13	21	20.4242311967395	20	16	33
EPI614441_A_Switzerland_9715293_2013	KY615384_A_Keelung_0026_2016	2016.1.15	15.1915524268247	15	15	18	17.4353464246017	18	15	22
EPI614441_A_Switzerland_9715293_2013	KY615571_A_Taipei_0011_2015	2015.12.24	16.1922934420156	16	16	19	17.1745090774361	18	15	21
EPI614441_A_Switzerland_9715293_2013	MG984174_A_Shanghai_1_2016	2016.9.14	18.1911819192293	18	18	21	23.1874768432753	24	21	26
EPI614441_A_Switzerland_9715293_2013	MK640903_A_China_70219_2015	2015.12.25	16.194516487588	16	16	19	19.1815487217488	20	17	22
EPI614441_A_Switzerland_9715293_2013	MK640906_A_China_71516_2016	2016.1.25	16.1915524268247	16	16	19	19.1745090774361	20	17	24
EPI686117_A_Hong_Kong_15611_2015	1444950_A_Chepstow_1180_2019	2019.3.25	10.6061504260837	11	9	15	10.5472397184142	11	8	17
EPI686117_A_Hong_Kong_15611_2015	1448200_A_Louisiana_34_2019	2019.4.24	27.2600963319748	27	27	30	33.9007039644313	34	31	42
EPI686117_A_Hong_Kong_15611_2015	1479371_A_Hawaii_31_2019	2019.4.17	26.2645424231197	26	26	29	39.9110781771026	40	37	48
EPI686117_A_Hong_Kong_15611_2015	1548016_A_Cheboksary_153_2019	2019.3.18	12.6061504260837	13	11	17	10.5464987032234	11	8	17
EPI686117_A_Hong_Kong_15611_2015	1548064_A_Tomsk_155_2019	2019.3.11	9.09225639125602	10	8	12	10.1541311596888	10	8	17
EPI686117_A_Hong_Kong_15611_2015	1548211_A_Mexico_1952_2019	2019.5.7	25.2623193775472	25	25	28	41.8955168580956	42	39	50
EPI686117_A_Hong_Kong_15611_2015	1592032_A_Hong_Kong_2671_2019	2019.6.11	12.0959614672101	13	11	16	11.0955909596147	11	9	16
EPI686117_A_Hong_Kong_15611_2015	1597372_A_Louisiana_39_2019	2019.8.25	12.6105965172286	13	11	17	14.3905150055576	14	11	22
EPI686117_A_Hong_Kong_15611_2015	1609436_A_El_Salvador_517_2019	2019.7.30	27.2630603927381	27	27	32	37.9036680251945	38	35	46
EPI686117_A_Hong_Kong_15611_2015	1609444_A_Hawaii_64_2019	2019.9.15	14.6002223045572	15	13	18	10.5583549462764	11	8	17
EPI686117_A_Hong_Kong_15611_2015	1808226_A_Jiangxi_Zhanggong_1512_2019	2019.6.11	13.0974434975917	14	12	17	11.0963319748055	11	9	16
EPI686117_A_Hong_Kong_15611_2015	CY210604_A_Idaho_41_2016	2016.11.22	4.07484253427195	5	3	7	2.97480548351241	3	2	6
EPI686117_A_Hong_Kong_15611_2015	CY211583_A_California_129_2016	2016.10.5	4.07595405705817	5	3	7	2.97332345313079	3	2	8
EPI686117_A_Hong_Kong_15611_2015	CY212631_A_Nevada_55_2016	2016.12.8	8.00592812152649	8	8	10	6.41496850685439	7	5	9
EPI686117_A_Hong_Kong_15611_2015	CY212887_A_California_184_2016	2016.12.13	3.86217117450908	3	3	6	4.78806965542794	4	4	8
EPI686117_A_Hong_Kong_15611_2015	CY212895_A_California_187_2016	2016.12.14	20.2071137458318	20	20	24	25.274916635791	26	23	30
EPI686117_A_Hong_Kong_15611_2015	CY213847_A_Minnesota_76_2016	2016.10.25	10.8869951834013	10	9	18	10.1741385698407	9	9	14
EPI686117_A_Hong_Kong_15611_2015	CY214207_A_Hawaii_103_2016	2016.12.7	10.8862541682104	10	9	18	12.1745090774361	11	11	16
EPI686117_A_Hong_Kong_15611_2015	CY214479_A_Maryland_31_2016	2016.12.19	0.814005187106336	0	0	4	3.73656909966654	3	3	7
EPI686117_A_Hong_Kong_15611_2015	CY214567_A_West_Virginia_01_2017	2017.1.3	1.82400889218229	1	1	5	1.75657650981845	1	1	5
EPI686117_A_Hong_Kong_15611_2015	CY214879_A_California_214_2016	2016.12.31	3.07484253427195	4	2	6	4.97332345313079	5	4	8
EPI686117_A_Hong_Kong_15611_2015	CY218123_A_Wisconsin_08_2017	2017.1.13	6.11411633938496	7	5	10	6.13412374953687	6	4	11
EPI686117_A_Hong_Kong_15611_2015	CY220132_A_Texas_32_2017	2017.1.31	7.00815116709893	7	7	9	9.42682474990737	10	8	13
EPI686117_A_Hong_Kong_15611_2015	CY220180_A_New_Jersey_07_2017	2017.1.30	3.07558354946276	4	2	6	5.99740644683216	6	5	9
EPI686117_A_Hong_Kong_15611_2015	CY220548_A_Alabama_06_2017	2017.2.7	7.00815116709893	7	7	9	7.42904779547981	8	6	10
EPI686117_A_Hong_Kong_15611_2015	CY221923_A_Texas_47_2017	2017.2.13	3.07558354946276	4	2	6	5.99666543164135	6	5	9
EPI686117_A_Hong_Kong_15611_2015	CY223218_A_New_Mexico_11_2017	2017.2.28	8.00963319748055	8	8	10	9.43682845498333	10	8	12
EPI686117_A_Hong_Kong_15611_2015	CY223691_A_Maryland_10_2017	2017.1.31	4.07669507224898	5	3	8	7.03149314560948	7	6	11
EPI686117_A_Hong_Kong_15611_2015	CY223707_A_Ohio_05_2017	2017.2.7	8.99481289366432	9	8	16	15.4546128195628	16	13	20
EPI686117_A_Hong_Kong_15611_2015	CY223731_A_Florida_10_2017	2017.2.8	6.17969618377177	7	5	10	7.98777324935161	8	6	11
EPI686117_A_Hong_Kong_15611_2015	CY223739_A_Florida_11_2017	2017.2.13	8.99740644683216	9	8	16	14.4179325676176	15	12	20
EPI686117_A_Hong_Kong_15611_2015	CY224883_A_Arizona_06_2017	2017.1.31	5.10633567988144	6	4	9	4.98295665061134	5	4	8
EPI686117_A_Hong_Kong_15611_2015	CY225075_A_Georgia_06_2017	2017.2.15	4.18266024453501	5	3	8	9.99555390885513	10	8	15
EPI686117_A_Hong_Kong_15611_2015	CY227443_A_Vermont_08_2017	2017.3.2	5.10633567988144	6	4	9	4.98221563542053	5	4	8
EPI686117_A_Hong_Kong_15611_2015	CY227899_A_Delaware_19_2017	2017.3.21	23.2578732864024	23	23	26	28.8740274175621	29	26	37
EPI686117_A_Hong_Kong_15611_2015	CY228314_A_South_Dakota_11_2017	2017.2.13	6.9937013708781	7	6	14	12.6002223045572	13	10	18
EPI686117_A_Hong_Kong_15611_2015	CY228698_A_Wisconsin_39_2017	2017.3.19	8.17895516858096	9	7	12	9.99629492404594	10	8	13
EPI686117_A_Hong_Kong_15611_2015	CY228730_A_Arkansas_18_2017	2017.3.19	22.2578732864024	22	22	25	27.868469803631	28	25	36
EPI686117_A_Hong_Kong_15611_2015	CY230042_A_Michigan_30_2017	2017.2.27	4.18043719896258	5	3	8	7.99036680251945	8	6	11
EPI686117_A_Hong_Kong_15611_2015	CY230282_A_Tennessee_21_2017	2017.2.20	6.17895516858096	7	5	10	9.99777695442757	10	8	13
EPI686117_A_Hong_Kong_15611_2015	CY230438_A_Delaware_19_2017	2017.3.21	23.2578732864024	23	23	26	28.8740274175621	29	26	37
EPI686117_A_Hong_Kong_15611_2015	CY230551_A_West_Virginia_09_2017	2017.2.13	8.00741015190811	8	8	10	8.43571693219711	9	7	12
EPI686117_A_Hong_Kong_15611_2015	CY230855_A_Oregon_14_2017	2017.2.28	4.0974434975917	5	3	8	7.0585402000741	7	6	12
EPI686117_A_Hong_Kong_15611_2015	CY232473_A_Florida_34_2017	2017.4.9	22.2556502408299	22	22	25	26.8755094479437	27	24	35
EPI686117_A_Hong_Kong_15611_2015	CY232567_A_North_Carolina_27_2017	2017.4.5	5.18043719896258	6	4	9	6.98888477213783	7	5	10
EPI686117_A_Hong_Kong_15611_2015	CY235613_A_Washington_40_2017	2017.4.17	7.17821415339014	8	6	11	9.99777695442757	10	8	13
EPI686117_A_Hong_Kong_15611_2015	CY235685_A_Nevada_12_2017	2017.4.25	6.10781771026306	7	5	10	7.98517969618377	8	7	11
EPI686117_A_Hong_Kong_15611_2015	CY242099_A_Florida_29_2017	2017.1.7	8.00815116709892	8	8	10	6.42682474990737	7	5	9
EPI686117_A_Hong_Kong_15611_2015	CY242347_A_Florida_50_2017	2017.7.26	9.00889218228974	9	9	11	9.43682845498333	10	8	14
EPI686117_A_Hong_Kong_15611_2015	CY243548_A_Alaska_30_2017	2017.6.18	7.0066691367173	7	7	9	12.4612819562801	13	10	15
EPI686117_A_Hong_Kong_15611_2015	CY243675_A_Alaska_46_2017	2017.7.31	7.0066691367173	7	7	9	12.4620229714709	13	10	15
EPI686117_A_Hong_Kong_15611_2015	CY244478_A_California_60_2017	2017.7.1	7.18340125972582	8	6	11	8.00741015190811	8	6	13
EPI686117_A_Hong_Kong_15611_2015	CY245203_A_Arizona_50_2017	2017.8.22	7.0066691367173	7	7	9	12.4612819562801	13	10	15
EPI686117_A_Hong_Kong_15611_2015	CY245459_A_Hawaii_45_2017	2017.8.22	8.00741015190811	8	8	10	13.4723971841423	14	12	18
EPI686117_A_Hong_Kong_15611_2015	CY250520_A_Arkansas_24_2017	2017.10.12	7.00741015190811	7	7	9	13.4249722119303	14	11	16
EPI686117_A_Hong_Kong_15611_2015	CY257914_A_Florida_73_2017	2017.10.15	9.00741015190811	9	9	11	16.4501667284179	17	14	21
EPI686117_A_Hong_Kong_15611_2015	CY257994_A_Massachusetts_16_2017	2017.10.12	8.10744720266765	9	7	12	3.99110781771026	4	3	7
EPI686117_A_Hong_Kong_15611_2015	CY258177_A_New_York_36_2017	2017.10.21	8.08966283808818	9	7	11	8.01037421267136	8	6	13
EPI686117_A_Hong_Kong_15611_2015	CY258305_A_Louisiana_57_2017	2017.10.28	9.00815116709892	9	9	11	12.4242311967395	13	10	15
EPI686117_A_Hong_Kong_15611_2015	CY260353_A_California_86_2017	2017.10.3	5.69359021859948	6	4	10	11.4883290107447	11	9	15
EPI686117_A_Hong_Kong_15611_2015	CY264374_A_New_Hampshire_27_2017	2017.11.21	7.00741015190811	7	7	9	14.4257132271212	15	12	17
EPI686117_A_Hong_Kong_15611_2015	CY264986_A_Pennsylvania_274_2017	2017.12.15	9.0066691367173	9	9	11	13.4271952575028	14	11	16
EPI686117_A_Hong_Kong_15611_2015	CY266079_A_Florida_87_2017	2017.10.25	8.01074472026677	8	8	10	14.4290477954798	15	12	17
EPI686117_A_Hong_Kong_15611_2015	KY949675_A_Linkou_0175_2016	2016.12.12	8.99407187847351	9	8	16	13.4142274916636	14	11	18
EPI686117_A_Hong_Kong_15611_2015	KY949682_A_Linkou_0191_2016	2016.12.30	8.99407187847351	9	8	16	13.4142274916636	14	11	18
EPI686117_A_Hong_Kong_15611_2015	KY949699_A_Linkou_0187_2016	2016.12.27	7.00703964431271	7	7	9	7.41422749166358	8	6	10
EPI686117_A_Hong_Kong_15611_2015	KY949700_A_Keelung_0082_2016	2016.11.30	1.82549092256391	1	1	5	2.74805483512412	2	1	6
EPI686117_A_Hong_Kong_15611_2015	KY949766_A_Taipei_0088_2016	2016.12.6	2.82400889218229	2	2	6	1.75064838829196	1	1	5
EPI686117_A_Hong_Kong_15611_2015	KY949786_A_Keelung_0097_2016	2016.12.20	1.8247499073731	1	1	5	1.74916635791034	1	1	5
EPI686117_A_Hong_Kong_15611_2015	KY949826_A_Taipei_0092_2016	2016.12.19	2.82400889218229	2	2	6	2.75138940348277	2	2	6
EPI686117_A_Hong_Kong_15611_2015	KY949862_A_Keelung_0089_2016	2016.12.8	6.03038162282327	6	6	8	9.40607632456465	10	8	12
EPI686117_A_Hong_Kong_15611_2015	KY949934_A_Keelung_0099_2016	2016.12.21	1.8247499073731	1	1	5	1.74916635791034	1	1	5
EPI686117_A_Hong_Kong_15611_2015	KY949967_A_Linkou_0169_2016	2016.12.2	1.82400889218229	1	1	5	1.74916635791034	1	1	5
EPI686117_A_Hong_Kong_15611_2015	KY950051_A_Linkou_0186_2016	2016.12.26	4.17821415339014	5	3	8	5.98295665061134	6	4	9
EPI686117_A_Hong_Kong_15611_2015	KY950096_A_Linkou_0181_2016	2016.12.21	7.9937013708781	8	7	15	11.4157095220452	12	9	16
EPI686117_A_Hong_Kong_15611_2015	KY950133_A_Keelung_0095_2016	2016.12.14	1.82400889218229	1	1	5	2.75064838829196	2	2	6
EPI686117_A_Hong_Kong_15611_2015	KY950211_A_Linkou_0185_2016	2016.12.24	9.99221934049648	10	9	17	14.4149685068544	15	12	19
EPI686117_A_Hong_Kong_15611_2015	MF736980_A_Vologda_CRIE_172_2016	2016.12.17	6.99296035568729	7	6	14	12.4112634309003	13	10	17
EPI686117_A_Hong_Kong_15611_2015	MF736996_A_Karachay_Cherkess_CRIE_301_2017	2017.2.28	8.99296035568729	9	8	16	13.4190440904039	14	11	18
EPI686117_A_Hong_Kong_15611_2015	MF783012_A_Rochester_U029_2017	2017.1.20	7.17858466098555	8	6	11	8.99555390885513	9	7	12
EPI686117_A_Hong_Kong_15611_2015	MG198917_A_Guangdong_SKLRD01_2017	2017.7.15	5.69062615783624	6	4	10	7.48388291959985	7	6	11
EPI686117_A_Hong_Kong_15611_2015	MG856322_A_Karachay_Cherkess_CRIE_296_2016	2016.12.11	8.99221934049648	9	8	16	12.4149685068544	13	10	17
EPI686117_A_Hong_Kong_15611_2015	MG974447_A_Kansas_14_2017	2017.12.14	23.2556502408299	23	23	26	30.872174879585	31	28	39
EPI686117_A_Hong_Kong_15611_2015	MG984182_A_Shanghai_10_2017	2017.1.10	1.82289736939607	1	1	5	3.75694701741386	3	3	7
EPI686117_A_Hong_Kong_15611_2015	MG984190_A_Shanghai_11_2017	2017.1.11	7.0066691367173	7	7	9	9.45720637273064	10	8	13
EPI686117_A_Hong_Kong_15611_2015	MG984198_A_Shanghai_12_2017	2017.1.13	7.00815116709893	7	7	9	9.43793997776954	10	8	13
EPI686117_A_Hong_Kong_15611_2015	MG984222_A_Shanghai_15_2017	2017.1.22	8.00741015190811	8	8	10	10.4201556131901	11	9	13
EPI686117_A_Hong_Kong_15611_2015	MG984230_A_Shanghai_16_2017	2017.1.25	9.00926268988514	9	9	11	9.43942200815117	10	8	13
EPI686117_A_Hong_Kong_15611_2015	MG984238_A_Shanghai_17_2017	2017.1.25	8.00741015190811	8	8	10	10.4194145979993	11	9	13
EPI686117_A_Hong_Kong_15611_2015	MG984246_A_Shanghai_18_2017	2017.1.26	8.00741015190811	8	8	10	10.4201556131901	11	9	15
EPI686117_A_Hong_Kong_15611_2015	MG984254_A_Shanghai_19_2017	2017.1.31	7.00741015190811	7	7	9	8.46387550944794	9	7	12
EPI686117_A_Hong_Kong_15611_2015	MG984270_A_Shanghai_20_2017	2017.2.3	8.00741015190811	8	8	10	10.4201556131901	11	9	13
EPI686117_A_Hong_Kong_15611_2015	MG984278_A_Shanghai_21_2017	2017.2.6	10.0081511670989	10	10	12	9.43868099296036	10	8	13
EPI686117_A_Hong_Kong_15611_2015	MG984286_A_Shanghai_29_2017	2017.5.16	7.08632826972953	8	6	10	7.98814375694702	8	6	11
EPI686117_A_Hong_Kong_15611_2015	MG984302_A_Shanghai_30_2017	2017.6.23	7.69210818821786	8	6	12	11.4886995183401	11	10	15
EPI686117_A_Hong_Kong_15611_2015	MG984310_A_Shanghai_31_2017	2017.6.23	7.15227862171175	7	5	11	7.98814375694702	8	6	11
EPI686117_A_Hong_Kong_15611_2015	MG984318_A_Shanghai_32_2017	2017.7.19	9.00703964431271	9	8	16	19.4512782512042	20	14	24
EPI686117_A_Hong_Kong_15611_2015	MG984326_A_Shanghai_33_2017	2017.7.25	7.08632826972953	8	6	10	7.98814375694702	8	6	11
EPI686117_A_Hong_Kong_15611_2015	MG984342_A_Shanghai_35_2017	2017.7.31	8.69284920340867	9	7	13	11.4894405335309	11	10	15
EPI686117_A_Hong_Kong_15611_2015	MG984350_A_Shanghai_36_2017	2017.8.9	5.69359021859948	6	4	10	12.4846239347907	12	11	16
EPI686117_A_Hong_Kong_15611_2015	MG984358_A_Shanghai_37_2017	2017.8.9	7.08632826972953	8	6	10	7.98888477213783	8	6	11
EPI686117_A_Hong_Kong_15611_2015	MG984366_A_Shanghai_38_2017	2017.8.11	7.69210818821786	8	6	12	11.4886995183401	11	10	15
EPI686117_A_Hong_Kong_15611_2015	MG984390_A_Shanghai_40_2017	2017.8.19	7.15227862171175	7	5	11	7.98814375694702	8	6	11
EPI686117_A_Hong_Kong_15611_2015	MG984398_A_Shanghai_41_2017	2017.8.19	7.69210818821786	8	6	12	11.4886995183401	11	10	15
EPI686117_A_Hong_Kong_15611_2015	MG984414_A_Shanghai_43_2017	2017.8.21	7.08632826972953	8	6	10	7.98814375694702	8	6	11
EPI686117_A_Hong_Kong_15611_2015	MG984430_A_Shanghai_45_2017	2017.8.23	7.08632826972953	8	6	10	7.98814375694702	8	6	11
EPI686117_A_Hong_Kong_15611_2015	MG984438_A_Shanghai_46_2017	2017.8.29	9.69284920340867	10	8	14	11.4894405335309	11	10	15
EPI686117_A_Hong_Kong_15611_2015	MG984446_A_Shanghai_47_2017	2017.8.29	7.08632826972953	8	6	10	7.98814375694702	8	6	11
EPI686117_A_Hong_Kong_15611_2015	MG984462_A_Shanghai_49_2017	2017.9.5	7.08706928492034	8	6	10	7.98814375694702	8	6	11
EPI686117_A_Hong_Kong_15611_2015	MG984478_A_Shanghai_50_2017	2017.9.6	7.69210818821786	8	6	12	11.4886995183401	11	10	15
EPI686117_A_Hong_Kong_15611_2015	MG984486_A_Shanghai_51_2017	2017.9.8	5.69359021859948	6	4	10	13.4816598740274	13	12	17
EPI686117_A_Hong_Kong_15611_2015	MG984502_A_Shanghai_53_2017	2017.9.13	8.69284920340867	9	7	13	11.4894405335309	11	10	15
EPI686117_A_Hong_Kong_15611_2015	MG984518_A_Shanghai_7_2016	2016.12.30	8.00592812152649	8	8	10	10.4171915524268	11	9	13
EPI686117_A_Hong_Kong_15611_2015	MH637447_A_Linkou_0335_2017	2017.7.18	8.09818451278251	9	7	11	10.9951834012597	11	9	15
EPI686117_A_Hong_Kong_15611_2015	MH637456_A_Linkou_0266_2017	2017.3.16	6.09670248240089	7	5	9	6.99110781771026	7	5	10
EPI686117_A_Hong_Kong_15611_2015	MH637483_A_Baltimore_P0247_2018	2018.1.14	8.01111522786217	8	8	10	14.4286772878844	15	12	17
EPI686117_A_Hong_Kong_15611_2015	MH637488_A_Baltimore_P0279_2018	2018.2.2	23.2563912560207	23	23	26	31.8758799555391	32	29	40
EPI686117_A_Hong_Kong_15611_2015	MH637511_A_Baltimore_P0243_2018	2018.1.11	23.2571322712116	23	23	26	30.8766209707299	31	28	39
EPI686117_A_Hong_Kong_15611_2015	MH637528_A_Baltimore_P0241_2018	2018.1.10	24.2563912560207	24	24	27	30.8743979251575	31	28	39
EPI686117_A_Hong_Kong_15611_2015	MH637557_A_Keelung_0113_2017	2017.1.16	1.8247499073731	1	1	5	0.757317525009263	0	0	4
EPI686117_A_Hong_Kong_15611_2015	MH637565_A_Baltimore_P0255_2018	2018.1.20	7.01333827343461	7	7	9	17.4409040385328	18	15	20
EPI686117_A_Hong_Kong_15611_2015	MH637576_A_Linkou_0302_2017	2017.6.20	9.99518340125973	10	9	17	14.4631344942571	15	12	20
EPI686117_A_Hong_Kong_15611_2015	MH637596_A_Baltimore_P0304_2018	2018.2.13	8.01111522786217	8	8	10	13.430159318266	14	11	16
EPI686117_A_Hong_Kong_15611_2015	MH637603_A_Baltimore_P0238_2018	2018.1.8	8.00889218228974	8	8	10	13.4346054094109	14	11	16
EPI686117_A_Hong_Kong_15611_2015	MH637648_A_Taipei_0122_2017	2017.2.2	7.0066691367173	7	7	9	6.42608373471656	7	5	9
EPI686117_A_Hong_Kong_15611_2015	MH637673_A_Baltimore_P0237_2018	2018.1.7	7.6884031122638	7	7	11	13.4316413486476	14	11	16
EPI686117_A_Hong_Kong_15611_2015	MH637679_A_Taipei_0123_2017	2017.2.3	8.99481289366432	9	8	16	13.4416450537236	14	11	18
EPI686117_A_Hong_Kong_15611_2015	MH637687_A_Baltimore_P0286_2018	2018.2.5	11.0125972582438	11	11	13	13.4294183030752	14	11	17
EPI686117_A_Hong_Kong_15611_2015	MH637707_A_Keelung_0161_2017	2017.4.7	6.0974434975917	7	5	9	7.99296035568729	8	6	11
EPI686117_A_Hong_Kong_15611_2015	MH637726_A_Baltimore_P0239_2018	2018.1.8	8.01259725824379	8	8	10	14.430159318266	15	12	17
EPI686117_A_Hong_Kong_15611_2015	MH637730_A_Baltimore_P0283_2018	2018.2.4	23.2563912560207	23	23	26	31.8758799555391	32	29	40
EPI686117_A_Hong_Kong_15611_2015	MH637747_A_Baltimore_P0232_2018	2018.1.2	9.00963319748055	9	9	11	14.5709522045202	15	12	19
EPI686117_A_Hong_Kong_15611_2015	MH637752_A_Linkou_0206_2017	2017.1.17	5.09855502037792	6	4	9	9.05335309373842	9	8	15
EPI686117_A_Hong_Kong_15611_2015	MH637768_A_Baltimore_P0242_2018	2018.1.11	7.6884031122638	7	7	11	13.4323823638385	14	11	16
EPI686117_A_Hong_Kong_15611_2015	MH637783_A_Baltimore_P0244_2018	2018.1.11	7.01333827343461	7	7	9	17.4409040385328	18	15	20
EPI686117_A_Hong_Kong_15611_2015	MH637808_A_Baltimore_P0298_2018	2018.2.10	8.01185624305298	8	8	10	13.430159318266	14	11	16
EPI686117_A_Hong_Kong_15611_2015	MH701747_A_New_Jersey_93924_2018	2018.2.20	7.00815116709893	7	7	9	15.4394220081512	16	13	18
EPI686117_A_Hong_Kong_15611_2015	MH701755_A_New_Jersey_93934_2018	2018.2.21	7.00815116709893	7	7	9	15.4394220081512	16	13	18
EPI686117_A_Hong_Kong_15611_2015	MK159064_A_Jeonbuk_736_2017	2017.7.17	8.01037421267136	8	8	10	11.4368284549833	12	10	14
EPI686117_A_Hong_Kong_15611_2015	MK159072_A_Gyeongbuk_745_2017	2017.9.4	8.01037421267136	8	8	10	11.442015561319	12	10	14
EPI686117_A_Hong_Kong_15611_2015	MK640910_A_China_80241_2016	2016.12.6	6.03038162282327	6	6	8	8.40829937013709	9	7	11
EPI686117_A_Hong_Kong_15611_2015	MK640913_A_China_81105_2017	2017.1.4	7.00741015190811	7	7	9	9.41793256761764	10	8	12
EPI686117_A_Hong_Kong_15611_2015	MK640914_A_China_81129_2017	2017.1.5	8.01037421267136	8	8	10	11.4312708410522	12	10	16
EPI686117_A_Hong_Kong_15611_2015	MK640915_A_China_81891_2017	2017.2.1	7.03186365320489	7	7	9	9.42311967395332	10	8	12
EPI686117_A_Hong_Kong_15611_2015	MN154312_A_Washington_9752_2019	2019.3.15	26.2600963319748	26	26	29	37.0678028899592	37	34	45
EPI686117_A_Hong_Kong_15611_2015	MN170167_A_Washington_9147_2019	2019.3.10	26.2600963319748	26	26	29	37.0678028899592	37	34	45
EPI686117_A_Hong_Kong_15611_2015	MN170183_A_Washington_9149_2019	2019.3.11	26.2600963319748	26	26	29	37.0678028899592	37	34	45
EPI686117_A_Hong_Kong_15611_2015	MN170191_A_Washington_9150_2019	2019.3.11	26.2600963319748	26	26	29	37.0678028899592	37	34	45
EPI686117_A_Hong_Kong_15611_2015	MN170207_A_Washington_9153_2019	2019.3.14	26.2600963319748	26	26	29	37.0678028899592	37	34	45
EPI686117_A_Hong_Kong_15611_2015	MN170223_A_Washington_9155_2019	2019.3.14	26.2600963319748	26	26	29	37.0678028899592	37	34	45
EPI686117_A_Hong_Kong_15611_2015	MN304051_A_Basel_USB003343_1_2016	2016.12.27	4.09670248240089	5	3	8	5.97999258984809	6	5	9
EPI686117_A_Hong_Kong_15611_2015	MN304056_A_Basel_USB003348_1_2016	2016.12.30	1.80659503519822	1	1	5	0.731011485735458	0	0	4
EPI686117_A_Hong_Kong_15611_2015	MN304081_A_Basel_USB003378_1_2017	2017.1.13	1.80770655798444	1	1	4	3.73508706928492	3	3	7
EPI686117_A_Hong_Kong_15611_2015	MN304116_A_Basel_USB003451_1_2017	2017.2.2	4.10707669507225	5	3	8	6.97925157465728	7	6	10
EPI686117_A_Hong_Kong_15611_2015	MN304117_A_Basel_USB003452_1_2017	2017.2.2	7.0066691367173	7	7	9	6.43052982586143	7	5	9
EPI686117_A_Hong_Kong_15611_2015	MN304125_A_Basel_USB003503_1_2017	2017.2.5	3.86439422008151	3	3	6	4.79103371619118	4	4	8
EPI686117_A_Hong_Kong_15611_2015	MN304128_A_Basel_USB003507_1_2017	2017.2.6	7.17895516858096	8	6	11	9.99851796961838	10	8	13
EPI686117_A_Hong_Kong_15611_2015	MN304158_A_Basel_USB001568_1_2017	2017.1.2	6.99518340125973	7	6	14	12.4134864764728	13	10	17
EPI686117_A_Hong_Kong_15611_2015	MN304160_A_Basel_USB002230_1_2017	2017.1.2	1.8247499073731	1	1	5	1.77658391997036	1	1	5
EPI686117_A_Hong_Kong_15611_2015	MN304174_A_Basel_USB001581_1_2017	2017.1.3	7.0066691367173	7	7	9	7.43052982586143	8	6	11
EPI686117_A_Hong_Kong_15611_2015	MN304184_A_Basel_USB001592_1_2017	2017.1.4	6.99592441645054	7	6	14	12.4142274916636	13	10	17
EPI686117_A_Hong_Kong_15611_2015	MN304199_A_Basel_USB001639_1_2017	2017.1.4	0.812523156724713	0	0	4	4.73768062245276	4	4	8
EPI686117_A_Hong_Kong_15611_2015	MN304202_A_Basel_USB002304_1_2017	2017.1.4	6.99592441645054	7	6	14	12.4142274916636	13	10	17
EPI686117_A_Hong_Kong_15611_2015	MN304206_A_Basel_USB001584_1_2017	2017.1.4	4.09670248240089	5	3	8	6.97702852908485	7	6	10
EPI686117_A_Hong_Kong_15611_2015	MN304230_A_Basel_USB002323_1_2017	2017.1.6	5.8636532048907	5	5	8	4.7984438680993	4	4	8
EPI686117_A_Hong_Kong_15611_2015	MN304260_A_Basel_USB002443_1_2017	2017.1.7	7.0066691367173	7	7	9	7.43052982586143	8	6	11
EPI686117_A_Hong_Kong_15611_2015	MN304284_A_Basel_USB002561_1_2017	2017.1.9	6.99518340125973	7	6	14	12.4134864764728	13	10	17
EPI686117_A_Hong_Kong_15611_2015	MN304303_A_Basel_USB002594_1_2017	2017.1.10	4.10707669507225	5	3	8	5.98221563542053	6	5	9
EPI686117_A_Hong_Kong_15611_2015	MN304347_A_Basel_USB002671_1_2017	2017.1.13	6.99518340125973	7	6	14	12.4149685068544	13	10	17
EPI686117_A_Hong_Kong_15611_2015	MN304376_A_Basel_USB002722_1_2017	2017.1.17	4.10707669507225	5	3	8	5.98221563542053	6	5	9
EPI686117_A_Hong_Kong_15611_2015	MN304409_A_Basel_USB002775_1_2017	2017.1.22	7.00741015190811	7	7	9	6.42978881067062	7	5	9
EPI686117_A_Hong_Kong_15611_2015	MN304423_A_Basel_USB002825_1_2017	2017.1.23	5.18414227491664	6	4	10	9.99814746202297	10	8	13
EPI686117_A_Hong_Kong_15611_2015	MN304459_A_Basel_USB002891_1_2017	2017.1.29	7.0066691367173	7	7	9	8.42978881067062	9	7	12
EPI686117_A_Hong_Kong_15611_2015	MN304483_A_Basel_USB002922_1_2017	2017.2.1	6.99444238606891	7	6	14	14.4142274916636	15	12	19
EPI686117_A_Hong_Kong_15611_2015	MN304521_A_Basel_USB002995_1_2017	2017.2.5	4.09966654316414	5	3	8	9.04742497221193	9	8	14
EPI686117_A_Hong_Kong_15611_2015	MN304543_A_Basel_USB003034_1_2017	2017.2.7	7.17895516858096	8	6	11	9.99851796961838	10	8	13
EPI686117_A_Hong_Kong_15611_2015	MN304587_A_Basel_USB003307_1_2017	2017.2.25	5.10633567988144	6	4	9	4.98147462022972	5	4	8
EPI686117_A_Hong_Kong_15611_2015	MN304604_A_Basel_USB002047_1_2016	2016.12.10	1.82400889218229	1	1	5	2.74916635791034	2	2	6
EPI686117_A_Hong_Kong_15611_2015	MN304638_A_Basel_USB002088_1_2016	2016.12.24	7.0066691367173	7	7	9	9.41608002964061	10	8	12
EPI686117_A_Hong_Kong_15611_2015	MN304643_A_Basel_USB002097_1_2016	2016.12.25	6.9937013708781	7	6	14	12.4112634309003	13	10	17
EPI686117_A_Hong_Kong_15611_2015	MN304651_A_Basel_USB002098_1_2016	2016.12.25	8.0066691367173	8	8	10	9.41459799925899	10	8	12
EPI686117_A_Hong_Kong_15611_2015	MN304652_A_Basel_USB001532_1_2016	2016.12.26	6.99296035568729	7	6	14	12.4120044460911	13	10	17
EPI686117_A_Hong_Kong_15611_2015	MN304663_A_Basel_USB001539_1_2016	2016.12.27	7.00592812152649	7	7	9	6.41793256761764	7	5	9
EPI686117_A_Hong_Kong_15611_2015	MN304664_A_Basel_USB001538_1_2016	2016.12.27	3.86217117450908	3	3	6	3.78806965542794	3	3	7
EPI686117_A_Hong_Kong_15611_2015	MN304667_A_Basel_USB001537_1_2016	2016.12.27	7.0066691367173	7	7	9	10.414597999259	11	9	13
EPI686117_A_Hong_Kong_15611_2015	MN304668_A_Basel_USB002128_1_2016	2016.12.27	3.83919970359392	3	3	7	5.77621341237495	5	5	9
EPI686117_A_Hong_Kong_15611_2015	MN304672_A_Basel_USB002199_1_2016	2016.12.27	3.86217117450908	3	3	6	3.78806965542794	3	3	7
EPI686117_A_Hong_Kong_15611_2015	MN304679_A_Basel_USB002138_1_2016	2016.12.28	1.80770655798444	1	1	4	3.73286402371249	3	3	7
EPI686117_A_Hong_Kong_15611_2015	MN304682_A_Basel_USB001546_1_2016	2016.12.29	4.09670248240089	5	3	8	6.97480548351241	7	6	10
EPI686117_A_Hong_Kong_15611_2015	MN304687_A_Basel_USB002180_1_2016	2016.12.29	6.99296035568729	7	6	14	12.4112634309003	13	10	17
EPI686117_A_Hong_Kong_15611_2015	MN304690_A_Basel_USB002178_1_2016	2016.12.29	4.09670248240089	5	3	8	6.97480548351241	7	6	10
EPI686117_A_Hong_Kong_15611_2015	MN304704_A_Basel_USB001552_1_2016	2016.12.31	3.07484253427195	4	2	6	5.01037421267136	5	4	8
EPI686117_A_Hong_Kong_15611_2015	MN304711_A_Basel_USB001562_1_2016	2016.12.31	3.86068914412745	3	3	7	3.79918488329011	3	3	8
