vaccineStrain	compareStrain	tipDate	mean_N	median_N	min_N	max_N	mean_S	median_S	min_S	max_S
MG974447_A_Kansas_14_2017	1618891_A_Pennsylvania_1020_2019	2019.10.12	3.017	3	3	5	18.391	18	16	29
MG974447_A_Kansas_14_2017	1640279_A_Cardiff_9474_2019	2019.12.9	2.019	2	2	4	15.398	15	14	28
MG974447_A_Kansas_14_2017	1641886_A_Idaho_40_2019	2019.11.16	4.018	4	4	6	16.411	16	15	32
MG974447_A_Kansas_14_2017	1651646_A_Virginia_42_2019	2019.12.9	2.023	2	2	4	15.414	15	14	30
MG974447_A_Kansas_14_2017	1661929_A_Mexico_2943_2019	2019.10.31	0.61	0	0	6	1.368	1	1	20
MG974447_A_Kansas_14_2017	1662160_A_Abudhabi_106_2019	2019.11.26	2.021	2	2	4	16.403	16	15	29
MG974447_A_Kansas_14_2017	1675773_A_Rheinland_Pfalz_5_2020	2020.1.7	2.019	2	2	4	15.412	15	14	28
MG974447_A_Kansas_14_2017	1683447_A_Wisconsin_03_2020	2020.1.9	3.017	3	3	5	15.423	15	14	28
MG974447_A_Kansas_14_2017	1692312_A_Louisiana_66_2019	2019.12.28	5.017	5	5	7	16.45	16	15	31
MG974447_A_Kansas_14_2017	1713851_A_Pennsylvania_15_2020	2020.2.20	5.016	5	5	7	12.393	12	11	25
MG974447_A_Kansas_14_2017	1738893_A_Minnesota_23_2020	2020.3.20	3.019	3	3	5	14.428	14	13	27
MG974447_A_Kansas_14_2017	1738933_A_Idaho_52_2019	2019.12.25	3.018	3	3	5	15.438	15	14	31
MG974447_A_Kansas_14_2017	1740471_A_Minnesota_12_2020	2020.2.12	3.02	3	3	9	14.426	14	13	35
MG974447_A_Kansas_14_2017	1748112_A_Alberta_RV5268_2020	2020.3.4	2.02	2	2	8	14.396	14	10	33
MG974447_A_Kansas_14_2017	1799200_A_Haiti_394_2019	2019.12.16	2.023	2	2	4	14.416	14	13	27
MG974447_A_Kansas_14_2017	1807805_A_Guangxi_Hengxian_3105_2019	2019.11.14	3.015	3	3	5	12.394	12	10	25
MG974447_A_Kansas_14_2017	1807829_A_Zhejiang_Dinghai_1817_2019	2019.10.8	4.014	4	4	6	12.401	12	11	22
MG974447_A_Kansas_14_2017	1839735_A_Laos_1752_2020	2020.9.26	3.021	3	3	5	16.42	16	15	29
MG974447_A_Kansas_14_2017	1841191_A_Yunnan_Wenshan_1592_2020	2020.7.21	3.015	3	3	5	12.4	12	11	25
MG974447_A_Kansas_14_2017	1841681_A_Cambodia_e0826360_2020	2020.7.16	3.02	3	3	5	16.405	16	15	22
MG974447_A_Kansas_14_2017	1847821_A_Kitakyusyu_1_2020	2020.8.1	2.023	2	2	4	15.416	15	14	28
MG974447_A_Kansas_14_2017	1847845_A_Saitama_92_2020	2020.4.3	3.021	3	3	5	14.43	14	13	27
MG974447_A_Kansas_14_2017	2761581_A_Hessen_26_2020	2020.1.27	3.016	3	3	5	14.417	14	13	30
MG974447_A_Kansas_14_2017	2761606_A_Schleswig_Holstein_9_2020	2020.2.10	2.019	2	2	4	16.402	16	15	29
1592032_A_Hong_Kong_2671_2019	1838078_A_California_55_2020	2020.10.12	2.016	2	2	8	11.395	11	11	40
1592032_A_Hong_Kong_2671_2019	1847925_A_Vietnam_Vnhcm_Gs483_2020	2020.10.9	2.012	2	2	4	13.374	13	13	39
1592032_A_Hong_Kong_2671_2019	1849665_A_AbuDhabi_01_2021	2021.1.1	1.012	1	1	3	10.357	10	10	36
1592032_A_Hong_Kong_2671_2019	1852226_A_Bangkok_62_2020	2020.11.11	2.012	2	2	4	12.49	12	12	39
1592032_A_Hong_Kong_2671_2019	1858651_A_Pennsylvania_01_2021	2021.3.19	2.018	2	2	4	11.349	11	11	35
1592032_A_Hong_Kong_2671_2019	1861076_A_Laos_580_2021	2021.2.21	2.012	2	2	4	12.38	12	12	38
1592032_A_Hong_Kong_2671_2019	1869531_A_Delaware_01_2021	2021.4.16	2.012	2	2	4	12.434	12	12	39
1592032_A_Hong_Kong_2671_2019	1885447_A_Abu_Dhabi_2210622842_2021	2021.3.3	1.018	1	1	7	10.476	10	10	39
1592032_A_Hong_Kong_2671_2019	1905714_A_India_PUN_NIV323256_2021	2021.6.21	1.014	1	1	3	12.418	12	12	39
1592032_A_Hong_Kong_2671_2019	1905786_A_India_PUN_NIV312063_2021	2021.5.9	1.014	1	1	3	12.316	12	12	38
1592032_A_Hong_Kong_2671_2019	1905802_A_Nepal_Npwr_05637_2021	2021.4.8	3.014	3	3	5	14.288	14	14	38
1592032_A_Hong_Kong_2671_2019	1916915_A_Oklahoma_01_2021	2021.7.6	1.01	1	1	7	7.732	8	7	36
1592032_A_Hong_Kong_2671_2019	1916923_A_Michigan_03_2021	2021.8.18	1.008	1	1	3	12.958	13	12	39
1592032_A_Hong_Kong_2671_2019	1919553_A_YANAO_08_01V_2021	2021.8.8	2.012	2	2	4	13.324	13	13	40
1592032_A_Hong_Kong_2671_2019	1921773_A_Thailand_12_2021	2021.6.24	2.012	2	2	4	12.518	12	12	39
1592032_A_Hong_Kong_2671_2019	1922800_A_Nepal_21FL2699_2021	2021.8.11	2.01	2	2	4	11.335	11	11	35
1592032_A_Hong_Kong_2671_2019	1924350_A_Philippines_6_2021	2021.7.5	3.024	3	3	5	16.426	16	15	28
1592032_A_Hong_Kong_2671_2019	1925236_A_Michigan_05_2021	2021.9.26	2.01	2	2	4	7.905	8	7	34
1592032_A_Hong_Kong_2671_2019	1926248_A_Saint_Petersburg_RII_2415S_2021	2021.1.2	2.016	2	2	8	14.405	14	14	45
1592032_A_Hong_Kong_2671_2019	1940321_A_New_York_03_2021	2021.9.16	2.014	2	2	4	13.286	13	13	37
1592032_A_Hong_Kong_2671_2019	1954438_A_Picardie_28479_2021	2021.9.17	2.012	2	2	4	15.333	15	15	42
1592032_A_Hong_Kong_2671_2019	1967900_A_Pakistan_ICT7_2021	2021.9.16	2.014	2	2	4	13.425	13	13	39
1592032_A_Hong_Kong_2671_2019	1969592_A_Bangladesh_9019_2021	2021.9.20	2.016	2	2	8	13.349	13	13	42
1592032_A_Hong_Kong_2671_2019	EPI2415906_A_Darwin_9_2021	2021.4.17	2.012	2	2	4	11.424	11	11	37
1841681_A_Cambodia_e0826360_2020	19194107_A_Thailand_8_2022	2022.7.11	4.006	4	4	6	6.977	6	6	41
1841681_A_Cambodia_e0826360_2020	1941020_A_Florida_04_2021	2021.10.28	2.002	2	2	3	6.978	6	6	37
1841681_A_Cambodia_e0826360_2020	1952515_A_Pennsylvania_06_2021	2021.11.21	2.004	2	2	4	6.996	6	6	41
1841681_A_Cambodia_e0826360_2020	1958506_A_Khakassia_155_06V_2021	2021.11.30	2.004	2	2	4	7	6	6	41
1841681_A_Cambodia_e0826360_2020	1960344_A_Montana_10_2021	2021.11.29	2.004	2	2	4	6.998	6	6	41
1841681_A_Cambodia_e0826360_2020	1964326_A_California_46_2021	2021.12.19	2.003	2	2	4	6.892	6	6	40
1841681_A_Cambodia_e0826360_2020	1983154_A_Montana_02_2022	2022.1.6	2.004	2	2	4	6.98	6	6	41
1841681_A_Cambodia_e0826360_2020	1992288_A_Wyoming_09_2021	2021.12.2	2.009	2	2	8	6.986	6	6	45
1841681_A_Cambodia_e0826360_2020	2004157_A_North_Dakota_03_2022	2022.2.9	2.007	2	2	8	6.897	6	6	45
1841681_A_Cambodia_e0826360_2020	2007488_A_New_Mexico_07_2022	2022.2.14	2.007	2	2	6	6.898	6	6	43
1841681_A_Cambodia_e0826360_2020	2019560_A_Novosibirsk_RII_MH60652S_2022	2022.1.10	4.004	4	4	6	6.982	6	6	41
1841681_A_Cambodia_e0826360_2020	2042591_A_Picardie_21593_2022	2022.3.21	2.008	2	2	4	7.931	7	7	42
1841681_A_Cambodia_e0826360_2020	2042752_A_Lorraine_23758_2022	2022.3.26	3.002	3	3	4	8.897	8	8	39
1841681_A_Cambodia_e0826360_2020	2042994_A_Lorraine_28541_2022	2022.4.9	2.005	2	2	4	7.912	7	7	42
1841681_A_Cambodia_e0826360_2020	2043548_A_Berlin_23_2022	2022.3.17	2.011	2	2	8	7.899	7	7	46
1841681_A_Cambodia_e0826360_2020	2046104_A_Krasnodar_Krai_183_10V_2021	2021.12.17	1.007	1	1	7	5.849	5	5	44
1841681_A_Cambodia_e0826360_2020	2063583_A_Idaho_25_2022	2022.5.1	2.001	2	2	3	7.845	7	6	29
1841681_A_Cambodia_e0826360_2020	2077428_A_Berlin_61_2022	2022.4.25	4.01	4	4	6	10.482	10	10	37
1841681_A_Cambodia_e0826360_2020	2127871_A_Michigan_35_2022	2022.5.18	5.014	5	5	7	12.357	12	12	34
1841681_A_Cambodia_e0826360_2020	2136215_A_Abu_Dhabi_1812537_2022	2022.6.30	4.012	4	4	10	12.42	12	12	41
1841681_A_Cambodia_e0826360_2020	2176957_A_Florida_70_2022	2022.8.8	5.018	5	5	11	13.47	13	13	42
1841681_A_Cambodia_e0826360_2020	2194875_A_Maldives_875_2022	2022.9.9	2.007	2	2	6	6.959	6	6	43
1841681_A_Cambodia_e0826360_2020	2233523_A_Ayutthaya_NIC_P2289_2022	2022.7.18	3.004	3	3	5	6.005	5	5	36
1841681_A_Cambodia_e0826360_2020	2325220_A_Finland_298_2022	2022.9.4	2.004	2	2	4	8.021	8	6	41
1841681_A_Cambodia_e0826360_2020	2500106_A_ABUDHABI_UAE_1112067_2022	2022.4.25	2.004	2	2	4	6.911	6	6	41
1841681_A_Cambodia_e0826360_2020	2503987_A_British_Columbia_124_2022	2022.6.19	2.004	2	2	4	4.851	4	4	39
EPI2415906_A_Darwin_9_2021	19296516_A_Croatia_10136RV_2023	2023.12.4	4.008	4	4	6	13.509	13	13	38
EPI2415906_A_Darwin_9_2021	19377008_A_Arica_52920_2024	2024.7.1	4.014	4	4	10	14.517	14	14	43
EPI2415906_A_Darwin_9_2021	19355069_A_Chiang_Rai_1932_2024	2024.3.27	4.01	4	4	6	14.518	14	14	39
EPI2415906_A_Darwin_9_2021	19378437_A_Denmark_2208_2024	2024.6.29	6.008	6	6	8	14.501	14	14	41
EPI2415906_A_Darwin_9_2021	19522825_A_Denmark_2281_2024	2024.8.26	4.008	4	4	6	14.521	14	14	47
EPI2415906_A_Darwin_9_2021	19455563_A_England_2481021_2024	2024.6.4	4.008	4	4	6	15.493	15	15	38
EPI2415906_A_Darwin_9_2021	19539069_A_Ghana_1122_2024	2024.7.24	5.014	5	5	11	13.523	13	13	42
EPI2415906_A_Darwin_9_2021	19298604_A_Ghana_3370_2024	2024.6.6	4.014	4	4	10	14.513	14	14	39
EPI2415906_A_Darwin_9_2021	19377137_A_Guyana_10084_2024	2024.5.28	4.008	4	4	6	16.507	16	16	39
EPI2415906_A_Darwin_9_2021	19274403_A_Hungary_264_2024	2024.3.26	4.014	4	4	10	14.523	14	14	43
EPI2415906_A_Darwin_9_2021	19355364_A_Kenya_139_2024	2024.5.23	4.008	4	4	6	14.523	14	14	37
EPI2415906_A_Darwin_9_2021	19388144_A_Saudi_Arabia_PHL_FS8301_2024	2024.7.6	4.014	4	4	10	13.523	13	13	42
EPI2415906_A_Darwin_9_2021	19052814_A_Serbia_514284_2024	2024.3.8	4.008	4	4	6	18.502	18	18	36
EPI2415906_A_Darwin_9_2021	19539108_A_Wellington_85_2024	2024.8.14	6.008	6	6	8	15.505	15	15	38
EPI2415906_A_Darwin_9_2021	19208620_A_Wisconsin_80_2024	2024.5.25	4.012	4	4	10	14.47	14	14	43
EPI2415906_A_Darwin_9_2021	19642627_A_Jeju_4080_2024	2024.9.23	5.014	5	5	11	14.523	14	14	43
EPI2415906_A_Darwin_9_2021	19632815_A_Jeonbuk_3813_2024	2024.3.11	6.008	6	6	8	14.501	14	14	42
EPI2415906_A_Darwin_9_2021	19632822_A_Seoul_3837_2024	2024.3.18	4.008	4	4	6	14.513	14	14	37
EPI2415906_A_Darwin_9_2021	2206316_A_Rogerstone_2168_2022	2022.10.10	0.742	1	0	2	6.085	6	6	30
EPI2415906_A_Darwin_9_2021	2208308_A_Lourdes_53101_2022	2022.10.8	4.009	4	4	6	10.456	10	10	33
EPI2415906_A_Darwin_9_2021	2252381_A_Maine_07_2022	2022.10.27	5.014	5	5	7	12.453	12	12	30
EPI2415906_A_Darwin_9_2021	2253452_A_Kansas_25_2022	2022.10.19	0.324	0	0	2	3.171	3	3	39
EPI2415906_A_Darwin_9_2021	2254250_A_Centre_56613_2022	2022.11.23	4.008	4	4	6	10.441	10	10	28
EPI2415906_A_Darwin_9_2021	2257357_A_Austria_MUW1572306_2022	2022.11.30	4.009	4	4	6	14.502	14	14	40
EPI2415906_A_Darwin_9_2021	2283189_A_Denmark_3146_2022	2022.11.10	4.008	4	4	6	10.456	10	10	35
EPI2415906_A_Darwin_9_2021	2367511_A_Connecticut_04_2023	2023.1.4	4.01	4	4	6	12.459	12	12	37
EPI2415906_A_Darwin_9_2021	2385451_A_Oman_8557_2022	2022.12.4	0.149	0	0	4	1.183	1	1	40
EPI2415906_A_Darwin_9_2021	2424342_A_Baden_Wuerttemberg_144_2022	2022.12.1	5.006	5	5	7	12.421	12	12	28
EPI2415906_A_Darwin_9_2021	2424895_A_Sachsen_Anhalt_3_2023	2023.1.1	4.014	4	4	10	11.462	11	11	38
EPI2415906_A_Darwin_9_2021	2441868_A_Minnesota_08_2023	2023.1.11	5.02	5	5	11	14.483	14	14	47
EPI2415906_A_Darwin_9_2021	2467517_A_HaidianCDC_12962_2023	2023.3.2	1.332	1	1	9	2.423	2	2	45
EPI2415906_A_Darwin_9_2021	2498550_A_California_32_2023	2023.1.5	6.008	6	6	8	12.466	12	12	37
EPI2415906_A_Darwin_9_2021	2498622_A_Kansas_01_2023	2023.2.26	4.008	4	4	6	10.454	10	10	33
EPI2415906_A_Darwin_9_2021	2534759_A_Minnesota_18_2023	2023.2.22	5.014	5	5	7	18.467	18	18	43
EPI2415906_A_Darwin_9_2021	2539626_A_Nordrhein_Westfalen_128_2022	2022.12.20	1.745	2	1	4	3.089	3	3	27
EPI2415906_A_Darwin_9_2021	2571528_A_Bhutan_001_2022	2022.11.21	1.166	1	1	3	5.175	5	5	29
EPI2415906_A_Darwin_9_2021	2587133_A_Berlin_265_2022	2022.12.19	4.009	4	4	6	11.457	11	11	37
EPI2415906_A_Darwin_9_2021	2599401_A_Lebanon_2787_2023	2023.3.28	5.014	5	5	11	10.597	10	10	39
EPI2415906_A_Darwin_9_2021	2689682_A_Costa_Rica_8476_2023	2023.6.26	2.322	2	2	6	3.416	3	3	42
EPI2415906_A_Darwin_9_2021	2716167_A_Kentucky_06_2023	2023.7.18	2.303	2	2	4	2.178	2	2	15
EPI2415906_A_Darwin_9_2021	2716351_A_Guatemala_378_2023	2023.4.22	4.008	4	4	6	13.597	13	13	46
EPI2415906_A_Darwin_9_2021	2732731_A_Bangladesh_9003_2023	2023.5.8	1.314	1	1	5	1.289	1	1	39
EPI2415906_A_Darwin_9_2021	2736750_A_Finland_407_2023	2023.8.11	2.034	2	2	8	18.515	18	17	47
EPI2415906_A_Darwin_9_2021	2758811_A_Catalonia_NSVH102158148_2023	2023.9.6	1.301	1	1	3	1.122	1	1	14
EPI2415906_A_Darwin_9_2021	EPI2800450_A_Phra_Nakhon_Si_Ayutthaya_P4330_2023	2023.10.2	1.322	1	1	3	4.396	4	4	36
EPI2415906_A_Darwin_9_2021	EPI2817864_A_Nakhon_Phanom_P4970_2023	2023.11.3	4.012	4	4	6	12.509	12	12	39
EPI2415906_A_Darwin_9_2021	EPI2819091_A_Nebraska_13_2023	2023.11.15	4.016	4	4	10	13.513	13	13	42
EPI2415906_A_Darwin_9_2021	EPI2845383_A_Saint_Petersburg_RII_169_2023	2023.10.31	5.008	5	5	7	12.511	12	12	39
EPI2415906_A_Darwin_9_2021	EPI2901414_A_California_118_2023	2023.11.29	4.014	4	4	10	12.519	12	12	41
EPI2415906_A_Darwin_9_2021	EPI2926182_A_Hong_Kong_3084_2023	2023.12.1	4.01	4	4	6	13.507	13	13	40
EPI2415906_A_Darwin_9_2021	EPI2970652_A_Saratov_RII_3_2023	2023.12.22	4.008	4	4	6	13.509	13	13	38
EPI2415906_A_Darwin_9_2021	EPI3055327_A_New_Hampshire_02_2024	2024.1.4	1.314	1	1	5	1.297	1	1	39
EPI2415906_A_Darwin_9_2021	EPI3089330_A_Penarth_6936_2024	2024.1.22	4.01	4	4	6	13.499	13	13	40
EPI2415906_A_Darwin_9_2021	EPI3095110_A_Samara_22_2023	2023.12.22	4.008	4	4	6	14.493	14	14	41
EPI2415906_A_Darwin_9_2021	EPI3133740_A_Idaho_21_2024	2024.2.9	5.012	5	5	7	15.53	15	15	42
EPI2415906_A_Darwin_9_2021	EPI3134187_A_Florida_06_2024	2024.1.8	1.313	1	1	5	2.266	2	2	41
EPI2415906_A_Darwin_9_2021	EPI3186602_A_Nevada_104_2024	2024.3.1	4.008	4	4	6	13.574	13	13	38
EPI2415906_A_Darwin_9_2021	EPI3186714_A_Washington_22_2024	2024.2.4	1.329	1	1	7	2.415	2	2	42
19194107_A_Thailand_8_2022	19628172_A_Colorado_228_2024	2024.11.10	7.018	7	7	13	17.619	17	17	46
19194107_A_Thailand_8_2022	19826182_A_South_Africa_R01135_2025	2025.1.28	6.012	6	6	8	15.615	15	15	42
19194107_A_Thailand_8_2022	19822399_A_Incheon_694_2025	2025.2.18	7.016	7	7	13	16.623	16	16	45
19194107_A_Thailand_8_2022	19794607_A_Jeonnam_359_2025	2025.1.13	8.01	8	8	10	15.603	15	15	40
19194107_A_Thailand_8_2022	20080759_A_Vietnam_5034_2025	2025.2.15	8.014	8	8	10	17.641	17	17	42
19194107_A_Thailand_8_2022	19884376_A_Canarias_1589_2025	2025.1.1	7.014	7	7	9	15.618	15	15	40
19194107_A_Thailand_8_2022	19800540_A_Denmark_860_2025	2025.2.3	7.01	7	7	9	16.627	16	16	40
19194107_A_Thailand_8_2022	19682309_A_Netherlands_10048_2025	2025.1.2	7.012	7	7	9	17.623	17	17	44
19194107_A_Thailand_8_2022	19874950_A_Denmark_2460_2025	2025.3.24	6.012	6	6	8	17.609	17	17	42
19194107_A_Thailand_8_2022	20073250_A_Ontario_1098_2025	2025.4.1	6.012	6	6	8	18.621	18	18	45
19194107_A_Thailand_8_2022	19897514_A_South_Africa_PATH-CERI-C068465_2025	2025.5.3	9.015	9	9	11	16.623	16	16	43
19194107_A_Thailand_8_2022	20261922_A_South_Africa_8325_2025	2025.8.28	8.012	8	8	10	17.622	17	17	44
19296516_A_Croatia_10136RV_2023	20284405_A_Bahrain_1648_2025	2025.10.19	1.003	1	1	2	2.696	3	2	7
19296516_A_Croatia_10136RV_2023	20284485_A_Bahrain_2180_2025	2025.10.23	1.028	1	1	9	2.784	3	2	36
19296516_A_Croatia_10136RV_2023	20284519_A_Catalonia_NSVH102734071_2025	2025.11.28	1.003	1	1	2	4.692	5	4	7
19296516_A_Croatia_10136RV_2023	20269338_A_Denmark_3567_2025	2025.11.10	1.011	1	1	7	2.716	3	2	23
19296516_A_Croatia_10136RV_2023	20269279_A_Denmark_3542_2025	2025.11.7	1.028	1	1	9	2.786	3	2	36
19296516_A_Croatia_10136RV_2023	20221173_A_Cardiff_0040_2025	2025.10.2	2.005	2	2	4	4.694	5	4	7
19296516_A_Croatia_10136RV_2023	20275639_A_Colorado_ISC-1470_2025	2025.10.28	1.014	1	1	7	2.743	3	2	33
19296516_A_Croatia_10136RV_2023	20275637_A_Colorado_ISC-1507_2025	2025.11.14	1.026	1	1	7	5.772	6	5	27
19296516_A_Croatia_10136RV_2023	20275348_A_Florida_32_2025	2025.10.29	1.074	1	1	7	5.977	6	5	34
19296516_A_Croatia_10136RV_2023	20275683_A_New_York_NIRC-IS-1504_2025	2025.11.13	1.015	1	1	7	2.734	3	2	24
19296516_A_Croatia_10136RV_2023	20262326_A_Colorado_ISC-1494_2025	2025.11.11	1.032	1	1	13	3.791	4	3	44
19296516_A_Croatia_10136RV_2023	20261837_A_Alaska_82_2025	2025.10.20	1.026	1	1	7	2.775	3	2	24
19296516_A_Croatia_10136RV_2023	20278399_A_Catalonia_NSVH171794172_2025	2025.12.3	1.013	1	1	7	3.716	4	3	24
19296516_A_Croatia_10136RV_2023	20261953_A_Wisconsin_152_2025	2025.11.3	1.028	1	1	9	2.784	3	2	36
19296516_A_Croatia_10136RV_2023	20262725_A_Catalonia_NSVH161522720_2025	2025.11.19	1.034	1	1	13	3.795	4	3	44
19296516_A_Croatia_10136RV_2023	20261957_A_Minnesota_109_2025	2025.10.25	1.02	1	1	13	2.751	3	2	43
19296516_A_Croatia_10136RV_2023	20279652_A_Lisboa_706_2025	2025.11.2	1.003	1	1	2	2.694	3	2	7
19296516_A_Croatia_10136RV_2023	20280416_A_Severomorsk_RII-MH264749S_2025	2025.11.18	2.026	2	2	8	2.77	3	2	24
19296516_A_Croatia_10136RV_2023	20280435_A_Saint-Petersburg_RII-MH264958S_2025	2025.11.26	1.026	1	1	7	2.77	3	2	24
19296516_A_Croatia_10136RV_2023	20280566_A_Saint-Petersburg_RII-25-0699S_2025	2025.11.17	1.055	1	1	9	2.923	3	2	39
19296516_A_Croatia_10136RV_2023	20281628_A_Saskatchewan_SKFLU469190_2025	2025.11.20	2.029	2	2	10	2.786	3	2	36
EPI103320_A_Moscow_10_1999	CY000024_A_New_York_30_2003	2003.12.2	6.062	6	6	8	13.431	13	13	20
EPI103320_A_Moscow_10_1999	CY000040_A_New_York_33_2004	2004.1.9	5.062	5	5	9	11.429	11	11	18
EPI103320_A_Moscow_10_1999	CY000056_A_New_York_35_2003	2003.12.4	5.06	5	5	7	12.427	12	12	19
EPI103320_A_Moscow_10_1999	CY000104_A_New_York_54_2003	2003.12.10	5.06	5	5	7	11.429	11	11	18
EPI103320_A_Moscow_10_1999	CY000144_A_New_York_26_2003	2003.12.2	6.06	6	6	8	13.443	13	13	20
EPI103320_A_Moscow_10_1999	CY000216_A_New_York_91_2002	2002.1.17	3.062	3	3	5	10.373	10	10	17
EPI103320_A_Moscow_10_1999	CY000272_A_New_York_53_2003	2003.12.11	5.06	5	5	7	14.421	14	14	21
EPI103320_A_Moscow_10_1999	CY000352_A_New_York_15_2003	2003.11.12	5.062	5	5	7	14.421	14	14	21
EPI103320_A_Moscow_10_1999	CY000512_A_New_York_4_2003	2003.12.8	6.062	6	6	8	13.432	13	13	20
EPI103320_A_Moscow_10_1999	CY000552_A_New_York_115_2002	2002.2.7	3.062	3	3	5	10.375	10	10	17
EPI103320_A_Moscow_10_1999	CY000768_A_New_York_10_2004	2004.1.30	7.06	7	7	9	13.435	13	13	20
EPI103320_A_Moscow_10_1999	CY000872_A_New_York_193_2003	2003.2.19	6.071	6	6	9	11.459	11	11	31
EPI103320_A_Moscow_10_1999	CY000908_A_New_York_13_2003	2003.11.12	5.06	5	5	7	11.425	11	11	18
EPI103320_A_Moscow_10_1999	CY001036_A_New_York_6_2004	2004.1.6	6.06	6	6	8	13.435	13	13	20
EPI103320_A_Moscow_10_1999	CY001095_A_New_York_24_2003	2003.12.1	5.06	5	5	7	14.421	14	14	21
EPI103320_A_Moscow_10_1999	CY001196_A_New_York_18_2003	2003.12.1	5.06	5	5	7	11.427	11	11	18
EPI103320_A_Moscow_10_1999	CY001300_A_New_York_37_2003	2003.12.4	5.06	5	5	7	11.425	11	11	18
EPI103320_A_Moscow_10_1999	CY001559_A_New_York_215_2003	2003.4.22	5.058	5	5	7	10.441	10	10	17
EPI103320_A_Moscow_10_1999	CY002335_A_New_York_77_2001	2001.12.26	3.06	3	3	5	9.371	9	9	16
EPI103320_A_Moscow_10_1999	CY002351_A_New_York_272_2003	2003.11.28	5.06	5	5	7	12.425	12	12	19
EPI103320_A_Moscow_10_1999	CY003287_A_New_York_438_2000	2000.1.18	4.064	4	4	6	8.352	8	8	15
EPI103320_A_Moscow_10_1999	CY006386_A_New_York_467_2004	2004.9.17	6.032	6	5	10	12.321	12	10	18
EPI103320_A_Moscow_10_1999	CY009267_A_New_York_499_2004	2004.1.15	6.06	6	6	8	14.433	14	14	21
EPI103320_A_Moscow_10_1999	CY013812_A_New_York_C4_2002	2002.2.1	3.06	3	3	5	9.373	9	9	16
EPI103320_A_Moscow_10_1999	CY032968_A_Yucatan_844_2003	2003.3.19	4.238	4	3	7	12.254	12	9	17
EPI103320_A_Moscow_10_1999	CY038574_A_Hong_Kong_HKU2_2004	2004.2.13	5.06	5	5	7	13.48	13	13	20
EPI103320_A_Moscow_10_1999	CY038614_A_Hong_Kong_HKU19_2004	2004.6.1	5.234	5	3	8	13.287	13	11	18
EPI103320_A_Moscow_10_1999	CY038622_A_Hong_Kong_HKU20_2004	2004.6.15	5.232	5	3	8	11.301	11	9	16
EPI103320_A_Moscow_10_1999	CY038638_A_Hong_Kong_HKU29_2004	2004.7.21	6.232	6	4	9	14.289	14	12	19
EPI103320_A_Moscow_10_1999	CY038646_A_Hong_Kong_HKU31_2004	2004.7.30	5.232	5	3	8	13.281	13	11	18
EPI103320_A_Moscow_10_1999	CY038654_A_Hong_Kong_HKU34_2004	2004.8.18	5.232	5	3	8	12.283	12	10	17
EPI103320_A_Moscow_10_1999	CY038950_A_Hong_Kong_HKU4_2004	2004.3.1	5.232	5	3	8	12.473	12	10	19
EPI103320_A_Moscow_10_1999	CY038958_A_Hong_Kong_HKU6_2004	2004.3.6	5.01	5	4	9	13.321	13	11	19
EPI103320_A_Moscow_10_1999	CY038990_A_Hong_Kong_HKU14_2004	2004.4.16	5.032	5	4	9	12.319	12	10	18
EPI103320_A_Moscow_10_1999	CY038998_A_Hong_Kong_HKU15_2004	2004.4.23	4.03	4	3	8	12.323	12	10	18
EPI103320_A_Moscow_10_1999	CY039014_A_Hong_Kong_HKU21_2004	2004.6.19	7.232	7	5	10	15.289	15	13	21
EPI103320_A_Moscow_10_1999	CY039030_A_Hong_Kong_HKU25_2004	2004.7.7	5.232	5	3	8	13.281	13	11	18
EPI103320_A_Moscow_10_1999	CY039038_A_Hong_Kong_HKU30_2004	2004.7.22	5.232	5	3	8	15.289	15	13	20
EPI103320_A_Moscow_10_1999	CY039166_A_Hong_Kong_HKU5_2004	2004.3.4	6.06	6	6	8	12.436	12	12	19
EPI103320_A_Moscow_10_1999	CY039174_A_Hong_Kong_HKU24_2004	2004.7.5	6.032	6	5	10	12.323	12	10	18
EPI103320_A_Moscow_10_1999	CY039494_A_Hong_Kong_HKU1_2004	2004.2.10	4.03	4	3	8	12.303	12	10	18
EPI103320_A_Moscow_10_1999	CY039502_A_Hong_Kong_HKU32_2004	2004.8.2	6.232	6	4	9	13.281	13	11	18
EPI103320_A_Moscow_10_1999	CY040321_A_Hong_Kong_HKU38_2004	2004.9.23	5.232	5	3	8	11.303	11	9	16
EPI103320_A_Moscow_10_1999	CY043751_A_Hong_Kong_HKU28_2004	2004.7.17	6.232	6	4	9	13.291	13	11	18
EPI103320_A_Moscow_10_1999	CY088027_A_England_425_2003	2003.10.29	6.062	6	6	8	13.429	13	13	20
EPI103320_A_Moscow_10_1999	CY088035_A_England_438_2003	2003.11.12	3.065	3	3	6	12.477	12	12	32
EPI103320_A_Moscow_10_1999	CY088115_A_England_467_2003	2003.11.6	6.062	6	6	8	12.431	12	12	19
EPI103320_A_Moscow_10_1999	CY088131_A_Scotland_78_2003	2003.11.7	6.065	6	6	9	10.423	10	10	18
EPI103320_A_Moscow_10_1999	CY088139_A_Scotland_79_2003	2003.11.8	3.068	3	3	7	13.465	13	13	20
EPI103320_A_Moscow_10_1999	CY088187_A_England_944_2003	2003.11.17	6.062	6	6	8	13.429	13	13	20
EPI103320_A_Moscow_10_1999	CY088251_A_England_525_2003	2003.11.27	6.062	6	6	8	12.435	12	12	19
EPI103320_A_Moscow_10_1999	CY088267_A_England_585_2003	2003.11.25	5.06	5	5	7	12.426	12	12	19
EPI103320_A_Moscow_10_1999	CY088275_A_England_487_2003	2003.11.24	6.065	6	6	9	13.449	13	13	33
EPI103320_A_Moscow_10_1999	CY088291_A_England_491_2003	2003.11.24	6.062	6	6	8	13.429	13	13	20
EPI103320_A_Moscow_10_1999	CY088323_A_England_508_2003	2003.11.27	5.06	5	5	7	12.445	12	12	19
EPI103320_A_Moscow_10_1999	CY088339_A_England_957_2003	2003.11.28	6.062	6	6	8	13.429	13	13	20
EPI103320_A_Moscow_10_1999	CY088363_A_England_558_2003	2003.12.5	4.03	4	3	8	12.297	12	10	18
EPI103320_A_Moscow_10_1999	CY088379_A_England_532_2003	2003.11.27	6.062	6	6	8	13.429	13	13	20
EPI103320_A_Moscow_10_1999	CY088387_A_England_522_2003	2003.12.12	6.062	6	6	8	12.429	12	12	19
EPI103320_A_Moscow_10_1999	CY088403_A_England_547_2003	2003.12.18	3.068	3	3	7	12.465	12	12	19
EPI103320_A_Moscow_10_1999	CY090956_A_South_Carolina_NHRC0002_2003	2003.11.13	5.06	5	5	7	11.425	11	11	18
EPI103320_A_Moscow_10_1999	CY091124_A_Missouri_NHRC0002_2004	2004.1.9	5.06	5	5	7	14.427	14	14	21
EPI103320_A_Moscow_10_1999	CY091468_A_California_NHRC0006_2003	2003.12.10	5.062	5	5	7	14.421	14	14	21
EPI103320_A_Moscow_10_1999	CY092216_A_Georgia_NHRC0001_2003	2003.12.5	5.06	5	5	7	11.427	11	11	18
EPI103320_A_Moscow_10_1999	CY107095_A_England_470_2003	2003.11.5	6.062	6	6	8	13.431	13	13	20
EPI103320_A_Moscow_10_1999	CY107111_A_England_516_2003	2003.11.20	3.068	3	3	7	14.459	14	14	21
EPI103320_A_Moscow_10_1999	CY107151_A_England_493_2003	2003.11.23	6.062	6	6	8	12.433	12	12	19
EPI103320_A_Moscow_10_1999	CY107167_A_England_532_2003	2003.11.27	6.062	6	6	8	13.429	13	13	20
EPI103320_A_Moscow_10_1999	CY112948_A_Netherlands_1_2002	2002.1.7	3.058	3	3	5	9.38	9	9	16
EPI103320_A_Moscow_10_1999	CY114324_A_Netherlands_3_2000	2000.1.6	3.067	3	3	6	8.351	8	8	26
EPI103320_A_Moscow_10_1999	CY114340_A_Netherlands_126_2001	2001.3.21	5.049	5	5	8	9.478	9	9	33
EPI103320_A_Moscow_10_1999	EPI358781_A_Fujian_411_2002	2002.7.1	4.236	4	3	7	11.249	11	9	16
EPI103320_A_Moscow_10_1999	EPI367109_A_California_7_2004	2004.9.16	4.03	4	3	8	11.323	11	9	17
EPI103320_A_Moscow_10_1999	KJ855376_A_Mexico_DIF835_2003	2003.7.4	5.236	5	4	8	13.261	13	11	18
EPI103320_A_Moscow_10_1999	KJ855448_A_Mexico_DIF2662_2003	2003.12.15	5.06	5	5	7	13.421	13	13	20
EPI358781_A_Fujian_411_2002	CY002007_A_New_York_359_2005	2005.1.17	3.016	3	2	5	13.009	13	6	17
EPI358781_A_Fujian_411_2002	CY002015_A_New_York_361_2005	2005.2.2	4.022	4	3	6	12.991	13	6	17
EPI358781_A_Fujian_411_2002	CY002079_A_New_York_396_2005	2005.3.4	7.02	7	6	9	13.055	13	6	17
EPI358781_A_Fujian_411_2002	CY002199_A_New_York_366_2004	2004.12.20	4.015	4	3	6	13.98	14	7	18
EPI358781_A_Fujian_411_2002	CY002231_A_New_York_372_2004	2004.12.22	4.015	4	3	6	13.98	14	7	18
EPI358781_A_Fujian_411_2002	CY002255_A_New_York_381_2004	2004.12.28	5.016	5	4	7	13.992	14	7	18
EPI358781_A_Fujian_411_2002	CY002263_A_New_York_383_2004	2004.12.29	3.014	3	2	5	11.997	12	5	16
EPI358781_A_Fujian_411_2002	CY002447_A_New_York_365_2004	2004.12.16	5.016	5	4	7	14.359	14	7	20
EPI358781_A_Fujian_411_2002	CY002463_A_New_York_373_2005	2005.2.22	3.018	3	2	5	11.985	12	5	16
EPI358781_A_Fujian_411_2002	CY002599_A_New_York_377_2004	2004.12.20	7.015	7	6	9	12.996	13	6	17
EPI358781_A_Fujian_411_2002	CY002719_A_New_York_319_2004	2004.11.8	4.016	4	3	6	12.989	13	6	17
EPI358781_A_Fujian_411_2002	CY002791_A_New_York_232_2004	2004.12.9	4.019	4	3	6	13.982	14	7	18
EPI358781_A_Fujian_411_2002	CY003079_A_New_York_123_2004	2004.12.16	4.021	4	3	6	13.982	14	7	18
EPI358781_A_Fujian_411_2002	CY003647_A_New_York_463_2005	2005.2.9	4.015	4	3	6	12.986	13	6	17
EPI358781_A_Fujian_411_2002	CY003671_A_New_York_471_2004	2004.11.8	6.02	6	5	10	11.994	12	5	16
EPI358781_A_Fujian_411_2002	CY006091_A_New_York_465_2005	2005.3.8	4.022	4	3	6	12.991	13	6	17
EPI358781_A_Fujian_411_2002	CY019156_A_New_York_900_2004	2004.12.22	4.015	4	3	6	13.98	14	7	18
EPI358781_A_Fujian_411_2002	CY019164_A_New_York_900_2004	2004.12.22	4.015	4	3	6	13.98	14	7	18
EPI358781_A_Fujian_411_2002	CY019180_A_New_York_905_2004	2004.12.27	4.021	4	3	6	12.982	13	6	17
EPI358781_A_Fujian_411_2002	CY019260_A_New_York_908_2004	2004.12.27	4.022	4	3	6	12.989	13	6	17
EPI358781_A_Fujian_411_2002	CY019300_A_New_York_913_2005	2005.1.10	4.022	4	3	6	12.993	13	6	17
EPI358781_A_Fujian_411_2002	CY019308_A_New_York_918_2005	2005.1.10	4.021	4	3	6	13.987	14	7	18
EPI358781_A_Fujian_411_2002	CY019324_A_New_York_918_2005	2005.1.10	4.021	4	3	6	13.987	14	7	18
EPI358781_A_Fujian_411_2002	CY020540_A_New_York_913_2005	2005.1.10	4.022	4	3	6	12.989	13	6	17
EPI358781_A_Fujian_411_2002	CY038686_A_Hong_Kong_HKU42_2005	2005.1.6	2.894	3	2	5	6.878	7	6	15
EPI358781_A_Fujian_411_2002	CY038702_A_Hong_Kong_HKU62_2005	2005.5.13	1.891	2	1	4	5.864	6	5	14
EPI358781_A_Fujian_411_2002	CY038710_A_Hong_Kong_HKU65_2005	2005.5.17	1.893	2	1	4	3.869	4	3	12
EPI358781_A_Fujian_411_2002	CY038718_A_Hong_Kong_HKU67_2005	2005.5.23	1.895	2	1	4	4.863	5	4	13
EPI358781_A_Fujian_411_2002	CY038734_A_Hong_Kong_HKU69_2005	2005.5.27	1.891	2	1	4	3.866	4	3	12
EPI358781_A_Fujian_411_2002	CY038742_A_Hong_Kong_HKU70_2005	2005.5.30	1.891	2	1	4	3.866	4	3	12
EPI358781_A_Fujian_411_2002	CY038758_A_Hong_Kong_HKU79_2005	2005.7.16	1.893	2	1	4	5.869	6	5	14
EPI358781_A_Fujian_411_2002	CY039054_A_Hong_Kong_HKU40_2004	2004.11.23	1.891	2	1	4	3.862	4	3	12
EPI358781_A_Fujian_411_2002	CY039062_A_Hong_Kong_HKU45_2005	2005.3.7	3.018	3	2	5	11.981	12	5	16
EPI358781_A_Fujian_411_2002	CY039070_A_Hong_Kong_HKU47_2005	2005.3.19	1.893	2	1	4	3.867	4	3	12
EPI358781_A_Fujian_411_2002	CY039214_A_Hong_Kong_HKU58_2005	2005.5.5	1.893	2	1	4	4.863	5	4	13
EPI358781_A_Fujian_411_2002	CY039230_A_Hong_Kong_HKU61_2005	2005.5.11	1.893	2	1	4	3.869	4	3	12
EPI358781_A_Fujian_411_2002	CY039238_A_Hong_Kong_HKU63_2005	2005.5.14	2.893	3	2	5	4.871	5	4	13
EPI358781_A_Fujian_411_2002	CY040329_A_Hong_Kong_HKU52_2005	2005.4.16	1.893	2	1	4	3.863	4	3	12
EPI358781_A_Fujian_411_2002	CY040345_A_Hong_Kong_HKU75_2005	2005.6.17	1.893	2	1	4	3.865	4	3	12
EPI358781_A_Fujian_411_2002	CY040353_A_Hong_Kong_HKU76_2005	2005.6.21	2.893	3	2	5	3.867	4	3	12
EPI358781_A_Fujian_411_2002	CY040361_A_Hong_Kong_HKU77_2005	2005.6.29	1.891	2	1	4	3.864	4	3	12
EPI358781_A_Fujian_411_2002	CY043767_A_Hong_Kong_HKU72_2005	2005.6.1	1.893	2	1	4	5.876	6	5	14
EPI358781_A_Fujian_411_2002	CY043775_A_Hong_Kong_HKU78_2005	2005.7.9	1.893	2	1	4	3.867	4	3	12
EPI358781_A_Fujian_411_2002	CY044404_A_Hong_Kong_HKU73_2005	2005.6.2	1.893	2	1	4	3.865	4	3	12
EPI358781_A_Fujian_411_2002	CY090996_A_South_Carolina_NHRC0001_2005	2005.2.11	4.02	4	3	6	12.003	12	5	16
EPI358781_A_Fujian_411_2002	CY091012_A_Illinois_NHRC0001_2005	2005.4.6	4.02	4	3	6	11.001	11	4	15
EPI358781_A_Fujian_411_2002	CY091140_A_Texas_NHRC0001_2005	2005.2.16	5.016	5	4	7	15.167	15	8	21
EPI358781_A_Fujian_411_2002	CY091316_A_Hong_Kong_NHRC0001_2005	2005.6.15	1.893	2	1	4	4.865	5	4	13
EPI358781_A_Fujian_411_2002	CY091436_A_California_NHRC0002_2005	2005.2.7	3.015	3	2	5	11.998	12	5	16
EPI358781_A_Fujian_411_2002	CY100575_A_Mexico_InDRE2246_2005	2005.9.11	1.893	2	1	4	3.865	4	3	12
EPI358781_A_Fujian_411_2002	CY112996_A_Netherlands_132_2004	2004.12.4	3.013	3	2	5	10.988	11	4	15
EPI358781_A_Fujian_411_2002	EPI502253_A_Wisconsin_67_2005	2005.1.1	1.893	2	1	4	3.867	4	3	12
EPI358781_A_Fujian_411_2002	KJ855424_A_Mexico_QUE2270_2005	2005.8.11	2.893	3	2	5	3.865	4	3	12
EPI358781_A_Fujian_411_2002	KJ855472_A_Mexico_TLA2227_2005	2005.9.11	1.891	2	1	4	4.864	5	4	13
EPI367109_A_California_7_2004	CY019866_A_New_York_938_2006	2006.3.2	4.018	4	3	6	12.05	12	5	16
EPI367109_A_California_7_2004	CY020372_A_New_York_938_2006	2006.3.2	4.018	4	3	6	12.058	12	5	16
EPI367109_A_California_7_2004	CY091036_A_Illinois_NHRC0002_2005	2005.12.23	4.018	4	3	6	14.054	14	7	18
EPI367109_A_California_7_2004	CY091532_A_California_NHRC0006_2005	2005.12.2	5.052	5	5	7	2.167	2	2	13
EPI367109_A_California_7_2004	CY113004_A_Netherlands_548_2005	2005.12.26	5.018	5	4	7	12.05	12	5	16
EPI367109_A_California_7_2004	CY172198_A_New_York_1001_2005	2005.11.10	5.018	5	4	7	14.054	14	7	18
EPI367109_A_California_7_2004	CY172390_A_New_York_1028_2006	2006.2.20	4.018	4	3	6	14.068	14	7	18
EPI502253_A_Wisconsin_67_2005	CY025428_A_California_UR06_0347_2007	2007.2.19	0	0	0	0	0.095	0	0	3
EPI502253_A_Wisconsin_67_2005	CY027570_A_Texas_UR06_0358_2007	2007.2.20	0.001	0	0	1	1.094	1	1	4
EPI502253_A_Wisconsin_67_2005	CY037310_A_Qatar_AF02_2008	2008.1.29	1.004	1	1	3	2.102	2	2	5
EPI502253_A_Wisconsin_67_2005	CY037326_A_Korea_AF05_2008	2008.2.19	1.006	1	1	5	4.099	4	4	8
EPI502253_A_Wisconsin_67_2005	CY039406_A_Taiwan_70002_2007	2007.1.2	0.003	0	0	2	5.124	5	5	8
EPI502253_A_Wisconsin_67_2005	CY039414_A_Taiwan_70113_2007	2007.1.15	0.002	0	0	2	2.113	2	2	4
EPI502253_A_Wisconsin_67_2005	CY040057_A_Taiwan_70307_2007	2007.2.3	0.006	0	0	2	5.09	5	5	7
EPI502253_A_Wisconsin_67_2005	CY040073_A_Taiwan_2361_2007	2007.11.12	1.004	1	1	3	2.089	2	2	5
EPI502253_A_Wisconsin_67_2005	CY040105_A_Taiwan_70120_2008	2008.1.15	0.008	0	0	2	3.134	3	3	6
EPI502253_A_Wisconsin_67_2005	CY044603_A_Boston_40_2008	2008.2.15	0.008	0	0	4	3.104	3	3	7
EPI502253_A_Wisconsin_67_2005	CY044827_A_Boston_88_2008	2008.4.16	1.004	1	1	3	3.109	3	3	6
EPI502253_A_Wisconsin_67_2005	CY113020_A_Netherlands_377_2008	2008.9.27	1.006	1	1	3	4.146	4	4	7
EPI502253_A_Wisconsin_67_2005	CY114404_A_Netherlands_363_2006	2006.12.24	7.025	7	6	9	17.581	17	10	24
EPI502253_A_Wisconsin_67_2005	CY114412_A_Netherlands_69_2007	2007.2.19	0.003	0	0	2	2.098	2	2	5
EPI502253_A_Wisconsin_67_2005	CY114420_A_Netherlands_348_2007	2007.11.6	0	0	0	0	2.09	2	2	5
EPI502253_A_Wisconsin_67_2005	CY173286_A_New_York_1155_2008	2008.3.27	1.004	1	1	3	3.109	3	3	6
EPI502253_A_Wisconsin_67_2005	EPI577980_A_Brisbane_10_2007	2007.2.6	0.004	0	0	4	2.093	2	2	7
EPI577980_A_Brisbane_10_2007	CY050611_A_New_York_3018_2009	2009.4.27	2.008	2	2	6	6.419	6	6	11
EPI577980_A_Brisbane_10_2007	CY050731_A_New_York_3143_2009	2009.4.30	1.008	1	1	5	7.099	7	7	12
EPI577980_A_Brisbane_10_2007	CY050795_A_New_York_3491_2009	2009.5.11	1.008	1	1	5	7.101	7	7	12
EPI577980_A_Brisbane_10_2007	CY050827_A_New_York_3738_2009	2009.5.20	1.008	1	1	5	9.101	9	9	14
EPI577980_A_Brisbane_10_2007	CY064830_A_California_VRDL138_2009	2009.4.29	3.008	3	3	7	5.145	5	5	14
EPI577980_A_Brisbane_10_2007	CY067976_A_California_VRDL339_2009	2009.5.4	1.008	1	1	5	10.179	10	10	15
EPI577980_A_Brisbane_10_2007	CY068104_A_California_VRDL368_2009	2009.4.27	2.008	2	2	6	6.103	6	6	11
EPI577980_A_Brisbane_10_2007	CY068208_A_California_VRDL170_2009	2009.4.28	3.008	3	3	7	7.143	7	7	12
EPI577980_A_Brisbane_10_2007	CY068232_A_California_VRDL188_2009	2009.4.29	1.008	1	1	5	6.103	6	6	11
EPI577980_A_Brisbane_10_2007	CY068296_A_California_VRDL247_2009	2009.4.29	1.008	1	1	5	6.113	6	6	11
EPI577980_A_Brisbane_10_2007	CY068336_A_California_VRDL260_2009	2009.5.1	1.008	1	1	5	10.175	10	10	15
EPI577980_A_Brisbane_10_2007	CY068360_A_California_VRDL263_2009	2009.4.30	1.004	1	1	3	10.17	10	10	14
EPI577980_A_Brisbane_10_2007	CY068416_A_California_VRDL277_2009	2009.4.30	1.004	1	1	3	7.096	7	7	9
EPI577980_A_Brisbane_10_2007	CY068480_A_California_VRDL309_2009	2009.5.2	1.008	1	1	5	6.147	6	6	15
EPI577980_A_Brisbane_10_2007	CY068640_A_California_VRDL394_2009	2009.4.28	1.008	1	1	5	7.101	7	7	12
EPI577980_A_Brisbane_10_2007	CY068781_A_California_VRDL205_2009	2009.4.29	1.008	1	1	5	6.104	6	6	11
EPI577980_A_Brisbane_10_2007	CY069322_A_Korea_WRAIR1038P_2009	2009.4.9	1.004	1	1	3	8.096	8	8	10
EPI577980_A_Brisbane_10_2007	CY069426_A_Japan_WRAIR1140P_2009	2009.2.9	1.006	1	1	3	6.142	6	6	9
EPI577980_A_Brisbane_10_2007	CY072221_A_New_York_20343_2010	2010.6.16	2.008	2	2	6	6.204	6	6	11
EPI577980_A_Brisbane_10_2007	CY077432_A_California_VRDL356_2009	2009.6.2	2.008	2	2	6	8.099	8	8	13
EPI577980_A_Brisbane_10_2007	CY084416_A_New_York_3918_2009	2009.6.5	1.008	1	1	5	7.101	7	7	12
EPI577980_A_Brisbane_10_2007	CY089740_A_Boston_40_2009	2009.2.27	1.006	1	1	3	5.102	5	5	7
EPI577980_A_Brisbane_10_2007	CY089756_A_Boston_75_2009	2009.1.16	1.008	1	1	5	5.147	5	5	14
EPI577980_A_Brisbane_10_2007	CY093237_A_South_Korea_WRAIR1171P_2009	2009.1.1	2.008	2	2	6	6.097	6	6	11
EPI577980_A_Brisbane_10_2007	CY093316_A_Kyrgyzstan_WRAIR1256P_2008	2008.12.1	3.01	3	3	7	7.095	7	7	12
EPI577980_A_Brisbane_10_2007	CY093348_A_Kuwait_WRAIR1561P_2009	2009.1.1	1.01	1	1	5	5.1	5	5	10
EPI577980_A_Brisbane_10_2007	CY106599_A_Hong_Kong_H090_671_V10_2009	2009.7.6	1.014	1	1	5	6.15	6	6	11
EPI577980_A_Brisbane_10_2007	CY106647_A_Hong_Kong_H090_689_V22_2009	2009.7.12	1.008	1	1	5	7.099	7	7	12
EPI577980_A_Brisbane_10_2007	CY106655_A_Hong_Kong_H090_692_V10_2009	2009.7.10	1.008	1	1	5	7.103	7	7	12
EPI577980_A_Brisbane_10_2007	CY106703_A_Hong_Kong_H090_714_V10_2009	2009.7.15	1.008	1	1	5	7.103	7	7	12
EPI577980_A_Brisbane_10_2007	CY106735_A_Hong_Kong_H090_720_V31_2009	2009.7.24	1.01	1	1	3	6.147	6	6	9
EPI577980_A_Brisbane_10_2007	CY106743_A_Hong_Kong_H090_724_V10_2009	2009.7.20	2.512	3	2	4	7.585	8	7	10
EPI577980_A_Brisbane_10_2007	CY106751_A_Hong_Kong_H090_724_V20_2009	2009.7.22	2.52	3	2	6	7.588	8	7	12
EPI577980_A_Brisbane_10_2007	CY106791_A_Hong_Kong_H090_733_V10_2009	2009.7.22	2.008	2	2	6	7.101	7	7	12
EPI577980_A_Brisbane_10_2007	CY106847_A_Hong_Kong_H090_739_V22_2009	2009.7.27	1.004	1	1	3	7.096	7	7	9
EPI577980_A_Brisbane_10_2007	CY106863_A_Hong_Kong_H090_739_V33_2009	2009.7.29	1.004	1	1	3	7.1	7	7	9
EPI577980_A_Brisbane_10_2007	CY106871_A_Hong_Kong_H090_741_V10_2009	2009.7.24	1.008	1	1	5	7.1	7	7	12
EPI577980_A_Brisbane_10_2007	CY106879_A_Hong_Kong_H090_747_V10_2009	2009.7.28	1.004	1	1	3	7.098	7	7	9
EPI577980_A_Brisbane_10_2007	CY113028_A_Netherlands_69_2009	2009.1.12	1.008	1	1	5	6.145	6	6	15
EPI577980_A_Brisbane_10_2007	CY113044_A_Netherlands_761_2009	2009.6.25	2.01	2	2	6	6.145	6	6	15
EPI577980_A_Brisbane_10_2007	CY115527_A_Hong_Kong_H090_689_V20_2009	2009.7.12	1.008	1	1	5	7.101	7	7	12
EPI577980_A_Brisbane_10_2007	CY115647_A_Hong_Kong_H090_726_V10_2009	2009.7.20	1.008	1	1	5	7.101	7	7	12
EPI577980_A_Brisbane_10_2007	CY115687_A_Hong_Kong_H090_734_V32_2009	2009.7.27	1.008	1	1	5	7.099	7	7	12
EPI577980_A_Brisbane_10_2007	CY115727_A_Hong_Kong_H090_739_V23_2009	2009.7.27	1.008	1	1	5	7.103	7	7	12
EPI577980_A_Brisbane_10_2007	CY115735_A_Hong_Kong_H090_739_V33_2009	2009.7.29	1.004	1	1	3	7.096	7	7	9
EPI577980_A_Brisbane_10_2007	CY147666_A_Mexico_24013_2008	2008.12.1	0.006	0	0	4	3.083	3	3	8
EPI577980_A_Brisbane_10_2007	EPI577969_A_Perth_16_2009	2009.4.7	1.008	1	1	5	8.101	8	8	13
EPI577980_A_Brisbane_10_2007	HQ664917_A_Nanjing_1655_2010	2010.9.10	1.012	1	1	5	11.163	11	11	16
EPI577980_A_Brisbane_10_2007	HQ664922_A_Nanjing_1654_2010	2010.9.10	3.012	3	3	7	9.458	9	9	14
EPI577980_A_Brisbane_10_2007	HQ664929_A_Nanjing_1663_2010	2010.9.10	5.012	5	5	9	10.171	10	10	15
EPI577980_A_Brisbane_10_2007	KY049985_A_Qinghai_178_2010	2010.3.15	1.012	1	1	5	10.162	10	10	15
EPI577969_A_Perth_16_2009	CY091580_A_Illinois_NHRC0002_2011	2011.1.19	0.75	1	0	3	8.801	9	8	14
EPI577969_A_Perth_16_2009	CY091588_A_California_NHRC0001_2011	2011.1.14	0.753	1	0	6	8.802	9	8	17
EPI577969_A_Perth_16_2009	CY092272_A_California_NHRC0003_2011	2011.1.28	0.746	1	0	3	8.787	9	8	13
EPI577969_A_Perth_16_2009	CY092288_A_California_NHRC0002_2011	2011.1.16	0.747	1	0	3	8.794	9	8	13
EPI577969_A_Perth_16_2009	CY093221_A_District_of_Columbia_WRAIR0300_2010	2010.11.17	0.75	1	0	6	13.761	14	11	24
EPI577969_A_Perth_16_2009	CY093540_A_Mexico_City_WRAIR3579T_2010	2010.12.9	0.744	1	0	3	8.781	9	8	13
EPI577969_A_Perth_16_2009	CY111165_A_Boston_DOA05_2011	2011.1.11	1.749	2	1	4	8.797	9	8	14
EPI577969_A_Perth_16_2009	CY111309_A_Boston_DOA48_2011	2011.2.16	1.734	2	1	4	9.848	10	9	16
EPI577969_A_Perth_16_2009	CY111317_A_Boston_DOA51_2011	2011.2.18	1.732	2	1	4	8.844	9	8	13
EPI577969_A_Perth_16_2009	CY111421_A_Boston_DOA78_2011	2011.3.14	1.751	2	1	7	8.796	9	8	21
EPI577969_A_Perth_16_2009	CY114428_A_Netherlands_063_2011	2011.1.5	1.746	2	1	4	11.806	12	11	17
EPI577969_A_Perth_16_2009	CY114516_A_Netherlands_034_2010	2010.12.23	2.579	3	2	5	8.726	9	8	15
EPI577969_A_Perth_16_2009	CY134520_A_Boston_DOA38_2011	2011.2.12	0.75	1	0	6	9.802	10	9	22
EPI577969_A_Perth_16_2009	CY134568_A_Boston_DOA47_2011	2011.2.14	0.746	1	0	3	9.793	10	9	15
EPI577969_A_Perth_16_2009	CY167515_A_Tennessee_F2018A_2011	2011.1.24	1.749	2	1	7	8.788	9	8	17
EPI577969_A_Perth_16_2009	CY167571_A_Tennessee_F2031A_2011	2011.2.7	2.745	3	2	5	8.783	9	8	13
EPI577969_A_Perth_16_2009	EPI417234_A_Victoria_361_2011	2011.10.24	0.586	1	0	6	8.735	9	8	17
EPI577969_A_Perth_16_2009	EPI556813_A_Texas_50_2012	2012.4.15	0.579	1	0	3	10.731	11	10	15
EPI577969_A_Perth_16_2009	KC882441_A_Iowa_19_2010	2010.12.30	0.744	1	0	3	8.783	9	8	13
EPI577969_A_Perth_16_2009	KC882476_A_Texas_24_2010	2010.12.31	0.744	1	0	3	9.782	10	9	14
EPI577969_A_Perth_16_2009	KC882565_A_New_Jersey_01_2011	2011.1.11	1.74	2	1	7	9.858	10	9	20
EPI577969_A_Perth_16_2009	KC882641_A_Texas_06_2011	2011.2.5	2.752	3	2	8	9.808	10	9	22
EPI577969_A_Perth_16_2009	KC892843_A_Nevada_12_2012	2012.3.30	1.747	2	1	4	14.84	15	14	19
EPI577969_A_Perth_16_2009	KR137644_A_Bethesda_NIH12_2011	2011.2.15	1.587	2	1	7	9.724	10	9	18
EPI577969_A_Perth_16_2009	KT888257_A_Moscow_1514A00504942N_2012	2012.1.19	0.581	1	0	3	8.72	9	8	15
EPI577969_A_Perth_16_2009	KT888258_A_Moscow_1514A00504950T_2012	2012.1.11	0.579	1	0	3	6.951	7	6	11
EPI577969_A_Perth_16_2009	KT888259_A_Moscow_1514A00505149T_2012	2012.4.12	1.586	2	1	7	9.732	10	9	18
EPI577969_A_Perth_16_2009	KT888260_A_Moscow_1514A00505153N_2012	2012.3.23	1.579	2	1	4	9.724	10	9	16
EPI577969_A_Perth_16_2009	KT888261_A_Moscow_1514A00505162N_2012	2012.4.13	1.581	2	1	5	9.724	10	9	15
EPI577969_A_Perth_16_2009	KT888262_A_Mexico_City_1514A00904139N_CP2_2010	2010.12.29	0.744	1	0	3	9.781	10	9	14
EPI577969_A_Perth_16_2009	KT888267_A_Amman_1514A01004462T_2012	2012.1.11	2.579	3	2	5	9.735	10	9	14
EPI577969_A_Perth_16_2009	KT888268_A_Amman_1514A01004465T_2011	2011.12.5	2.579	3	2	5	9.731	10	9	14
EPI577969_A_Perth_16_2009	KT888275_A_Hong_Kong_1514A01704826T_2011	2011.11.15	0.58	1	0	3	8.73	9	8	13
EPI577969_A_Perth_16_2009	KT888279_A_Prague_1514A06404885N_2012	2012.4.12	0.585	1	0	6	8.734	9	8	17
EPI577969_A_Perth_16_2009	KT888281_A_Sarajevo_1514A06604486N_2012	2012.1.11	0.752	1	0	6	10.814	11	10	23
EPI577969_A_Perth_16_2009	KT888283_A_Budapest_1514A07804502N_2011	2011.12.12	0.58	1	0	3	5.951	6	5	12
EPI577969_A_Perth_16_2009	KT888944_A_Yokosuka_SE680_2012	2012.1.24	0.58	1	0	3	7.949	8	7	12
EPI577969_A_Perth_16_2009	KT888945_A_Yokosuka_SE863_2012	2012.2.3	0.585	1	0	6	5.969	6	5	20
EPI577969_A_Perth_16_2009	KT889082_A_Japan_17_2012	2012.1.31	0.579	1	0	3	6.946	7	6	11
EPI577969_A_Perth_16_2009	KT889083_A_Korea_18_2012	2012.1.24	1.583	2	1	4	9.729	10	9	14
EPI577969_A_Perth_16_2009	KT889087_A_Japan_22_2011	2011.12.20	2.747	3	2	5	11.803	12	11	16
EPI577969_A_Perth_16_2009	KT889091_A_Japan_26_2012	2012.3.5	1.579	2	1	4	9.078	9	8	15
EPI577969_A_Perth_16_2009	KT889099_A_Korea_37_2012	2012.1.19	0.579	1	0	3	8.731	9	8	13
EPI577969_A_Perth_16_2009	KT889102_A_Kyrgyzstan_40_2012	2012.1.12	0.579	1	0	3	10.731	11	10	15
EPI577969_A_Perth_16_2009	KT889103_A_Kyrgyzstan_41_2012	2012.1.12	0.579	1	0	3	10.731	11	10	15
EPI577969_A_Perth_16_2009	KT889104_A_Japan_42_2012	2012.1.31	0.579	1	0	3	6.946	7	6	11
EPI577969_A_Perth_16_2009	KT889105_A_Japan_43_2012	2012.2.5	0.579	1	0	3	6.946	7	6	11
EPI577969_A_Perth_16_2009	KT889107_A_Korea_45_2012	2012.1.13	1.582	2	1	5	6.947	7	6	11
EPI577969_A_Perth_16_2009	KT889108_A_Korea_47_2012	2012.1.20	1.582	2	1	4	8.73	9	8	13
EPI577969_A_Perth_16_2009	MK640845_A_China_38887_2012	2012.8.29	0.58	1	0	3	9.728	10	9	14
EPI577969_A_Perth_16_2009	MK640846_A_China_38888_2012	2012.8.29	0.586	1	0	6	9.741	10	9	18
EPI577969_A_Perth_16_2009	MK640847_A_China_39207_2012	2012.9.26	0.578	1	0	3	9.726	10	9	14
EPI577969_A_Perth_16_2009	MK729833_A_New_York_WC_LVD_10_001_2010	2010.11.4	0.739	1	0	3	6.796	7	6	11
EPI577969_A_Perth_16_2009	MK729873_A_New_York_WC_LVD_10_006_2010	2010.12.16	1.013	1	1	3	5.44	5	5	15
EPI417234_A_Victoria_361_2011	CY134779_A_Texas_JMM_8_2012	2012.11.20	1.279	1	1	7	12.837	12	12	23
EPI417234_A_Victoria_361_2011	CY135131_A_Texas_JMM_54_2012	2012.12.6	0.012	0	0	6	0.432	0	0	17
EPI417234_A_Victoria_361_2011	CY148427_A_Boston_DOA2_112_2012	2012.12.4	1.01	1	1	7	1.432	1	1	18
EPI417234_A_Victoria_361_2011	CY148547_A_Boston_DOA2_128_2012	2012.12.18	0.002	0	0	2	1.412	1	1	9
EPI417234_A_Victoria_361_2011	CY148707_A_Boston_DOA2_149_2013	2013.1.9	0.01	0	0	6	1.46	1	1	18
EPI417234_A_Victoria_361_2011	CY148787_A_Boston_DOA2_161_2013	2013.1.2	0.01	0	0	6	2.449	2	2	19
EPI417234_A_Victoria_361_2011	CY148923_A_Boston_DOA2_180_2013	2013.1.13	1.008	1	1	7	1.454	1	1	18
EPI417234_A_Victoria_361_2011	CY149131_A_Boston_DOA2_218_2013	2013.1.15	0.01	0	0	6	0.49	0	0	17
EPI417234_A_Victoria_361_2011	CY149323_A_Boston_DOA2_245_2013	2013.1.25	1.01	1	1	7	1.471	1	1	18
EPI417234_A_Victoria_361_2011	CY167934_A_Boston_YGA_00008_2012	2012.12.19	0.01	0	0	6	0.436	0	0	17
EPI417234_A_Victoria_361_2011	CY168094_A_Boston_YGA_00035_2013	2013.1.10	1.008	1	1	7	1.454	1	1	18
EPI417234_A_Victoria_361_2011	CY168238_A_Boston_YGA_00054_2013	2013.1.24	0.004	0	0	2	0.43	0	0	13
EPI417234_A_Victoria_361_2011	CY168846_A_Boston_YGA_01045_2012	2012.12.25	1.284	1	1	4	11.855	11	11	17
EPI417234_A_Victoria_361_2011	CY168878_A_Boston_YGA_01049_2012	2012.12.26	0.004	0	0	2	0.41	0	0	13
EPI417234_A_Victoria_361_2011	CY169366_A_Boston_YGA_01115_2013	2013.1.1	0.01	0	0	6	1.47	1	1	18
EPI417234_A_Victoria_361_2011	CY169798_A_Boston_YGA_01173_2013	2013.1.17	0.01	0	0	6	0.462	0	0	17
EPI417234_A_Victoria_361_2011	CY169878_A_Boston_YGA_01186_2013	2013.1.21	0.014	0	0	6	3.451	3	3	20
EPI417234_A_Victoria_361_2011	CY170126_A_Boston_YGA_02003_2012	2012.12.17	0.01	0	0	6	1.435	1	1	18
EPI417234_A_Victoria_361_2011	CY170350_A_Boston_YGA_02039_2013	2013.1.19	1.01	1	1	7	3.472	3	3	20
EPI417234_A_Victoria_361_2011	CY170574_A_Santa_Clara_YGA_03016_2013	2013.1.17	0.008	0	0	6	1.434	1	1	18
EPI417234_A_Victoria_361_2011	CY170998_A_Santa_Clara_YGA_03074_2013	2013.1.8	0.012	0	0	6	1.462	1	1	18
EPI417234_A_Victoria_361_2011	CY171246_A_Chicago_YGA_04053_2012	2012.12.18	0.008	0	0	6	0.423	0	0	17
EPI417234_A_Victoria_361_2011	CY171270_A_Chicago_YGA_04056_2012	2012.12.18	0.004	0	0	2	3.431	3	3	16
EPI417234_A_Victoria_361_2011	CY171342_A_Chicago_YGA_04090_2012	2012.12.26	1.006	1	1	7	1.415	1	1	18
EPI417234_A_Victoria_361_2011	CY171406_A_Chicago_YGA_04102_2012	2012.12.27	0.01	0	0	6	0.424	0	0	17
EPI417234_A_Victoria_361_2011	CY171638_A_Chicago_YGA_04135_2013	2013.1.3	0.01	0	0	6	0.478	0	0	17
EPI417234_A_Victoria_361_2011	CY171734_A_Chicago_YGA_04198_2013	2013.1.23	2.282	2	2	8	12.853	12	12	21
EPI417234_A_Victoria_361_2011	CY182800_A_Houston_JMM_74_2012	2012.12.15	0.004	0	0	2	0.397	0	0	13
EPI417234_A_Victoria_361_2011	CY182848_A_Houston_JMM_80_2012	2012.12.18	0.01	0	0	6	1.444	1	1	18
EPI417234_A_Victoria_361_2011	CY182880_A_Houston_JMM_85_2012	2012.12.19	0.002	0	0	2	0.403	0	0	5
EPI417234_A_Victoria_361_2011	CY182960_A_Houston_JMM_96_2012	2012.12.29	1.004	1	1	3	0.431	0	0	13
EPI417234_A_Victoria_361_2011	CY183136_A_Houston_JMM_120_2013	2013.1.8	0.012	0	0	6	2.45	2	2	19
EPI417234_A_Victoria_361_2011	CY207362_A_New_York_WC_LVD_14_073_2014	2014.12.3	0.014	0	0	6	2.451	2	2	19
EPI417234_A_Victoria_361_2011	CY207634_A_New_York_WC_LVD_14_094_2014	2014.12.26	0.016	0	0	6	3.397	4	2	19
EPI417234_A_Victoria_361_2011	CY207882_A_New_York_WC_LVD_14_097_2014	2014.11.10	0.012	0	0	6	4.455	4	4	21
EPI417234_A_Victoria_361_2011	EPI614441_A_Switzerland_9715293_2013	2013.12.6	0.014	0	0	6	2.48	2	1	19
EPI417234_A_Victoria_361_2011	KF034876_A_Suzhou_1275_2013	2013.4.4	0.008	0	0	6	1.451	1	1	18
EPI417234_A_Victoria_361_2011	KR057629_A_Hawaii_39_2014	2014.8.13	1.013	1	1	7	9.913	10	9	20
EPI417234_A_Victoria_361_2011	KR057691_A_California_18_2014	2014.8.8	0.006	0	0	2	4.419	4	4	9
EPI417234_A_Victoria_361_2011	KT835748_A_Maryland_02_2015	2015.1.24	0.01	0	0	6	3.452	3	3	20
EPI417234_A_Victoria_361_2011	KT835964_A_California_20_2015	2015.1.20	2.017	2	2	8	6.476	6	6	23
EPI417234_A_Victoria_361_2011	KT836015_A_North_Carolina_25_2015	2015.1.25	0.007	0	0	2	3.441	3	3	16
EPI417234_A_Victoria_361_2011	KT836198_A_North_Carolina_03_2015	2015.1.20	0.01	0	0	6	4.447	4	4	21
EPI417234_A_Victoria_361_2011	KT836316_A_West_Virginia_07_2015	2015.1.25	0.01	0	0	6	2.443	2	2	19
EPI417234_A_Victoria_361_2011	KT836426_A_Iowa_12_2015	2015.1.30	1.01	1	1	7	6.456	6	6	23
EPI417234_A_Victoria_361_2011	KT837113_A_California_19_2014	2014.9.4	0.01	0	0	6	3.442	3	2	20
EPI417234_A_Victoria_361_2011	KT837844_A_Colorado_15_2014	2014.10.4	0.012	0	0	6	2.455	2	2	19
EPI417234_A_Victoria_361_2011	KT837873_A_Mississippi_05_2014	2014.10.14	0.01	0	0	6	4.441	4	4	21
EPI417234_A_Victoria_361_2011	KT838103_A_Maryland_28_2014	2014.10.14	0.012	0	0	6	2.454	2	2	19
EPI417234_A_Victoria_361_2011	KT838296_A_Minnesota_28_2014	2014.10.18	0.01	0	0	6	2.442	2	2	19
EPI417234_A_Victoria_361_2011	KT838328_A_Louisiana_11_2014	2014.10.21	0.004	0	0	2	4.436	4	4	12
EPI417234_A_Victoria_361_2011	KT838891_A_Georgia_04_2014	2014.11.20	0.01	0	0	6	3.439	3	3	20
EPI417234_A_Victoria_361_2011	KT838993_A_Missouri_11_2014	2014.11.18	0.012	0	0	6	5.464	5	5	22
EPI417234_A_Victoria_361_2011	KT839062_A_Texas_62_2014	2014.11.3	1.012	1	1	7	3.453	3	3	20
EPI417234_A_Victoria_361_2011	KT839395_A_Pennsylvania_49_2014	2014.11.28	1.012	1	1	7	3.457	3	2	20
EPI417234_A_Victoria_361_2011	KT839657_A_Alabama_10_2014	2014.12.4	2.012	2	2	8	4.461	4	4	21
EPI417234_A_Victoria_361_2011	KT840076_A_Tennessee_15_2014	2014.12.9	0.01	0	0	6	4.44	4	4	21
EPI417234_A_Victoria_361_2011	KT840285_A_Virginia_37_2014	2014.12.5	0.01	0	0	6	3.444	3	3	20
EPI417234_A_Victoria_361_2011	KT840798_A_Massachusetts_23_2014	2014.12.14	0.012	0	0	6	2.436	2	2	19
EPI417234_A_Victoria_361_2011	KT840865_A_Washington_60_2014	2014.12.23	1.013	1	1	7	8.911	9	8	19
EPI417234_A_Victoria_361_2011	KT841078_A_California_43_2014	2014.12.23	1.01	1	1	7	3.441	3	3	20
EPI417234_A_Victoria_361_2011	KT841228_A_North_Carolina_06_2015	2015.1.7	0.01	0	0	6	6.452	6	6	23
EPI417234_A_Victoria_361_2011	KT841571_A_Rhode_Island_05_2015	2015.1.7	0.01	0	0	6	2.438	2	2	19
EPI417234_A_Victoria_361_2011	KT841585_A_South_Dakota_01_2015	2015.1.5	0.01	0	0	6	3.443	3	3	20
EPI417234_A_Victoria_361_2011	KT841691_A_Kentucky_01_2015	2015.1.1	0.01	0	0	6	3.446	3	2	20
EPI417234_A_Victoria_361_2011	KT841712_A_Wisconsin_02_2015	2015.1.6	0.012	0	0	6	3.443	3	3	20
EPI417234_A_Victoria_361_2011	KT842043_A_Indiana_13_2015	2015.2.17	0.012	0	0	6	3.438	3	3	20
EPI417234_A_Victoria_361_2011	KT842079_A_Pennsylvania_05_2015	2015.2.6	1.012	1	1	7	4.448	4	4	21
EPI417234_A_Victoria_361_2011	KT842218_A_Delaware_18_2015	2015.2.23	0.012	0	0	6	3.454	3	3	20
EPI417234_A_Victoria_361_2011	KT842837_A_South_Dakota_35_2015	2015.3.14	0.014	0	0	6	3.455	3	3	22
EPI417234_A_Victoria_361_2011	KT842864_A_North_Dakota_06_2015	2015.3.8	0.012	0	0	6	3.455	3	3	20
EPI417234_A_Victoria_361_2011	KT843589_A_Iowa_34_2015	2015.7.30	0.01	0	0	6	3.44	3	3	20
EPI417234_A_Victoria_361_2011	KT843646_A_Alaska_26_2015	2015.6.14	0.01	0	0	6	2.438	2	2	19
EPI417234_A_Victoria_361_2011	KT843896_A_Ohio_26_2015	2015.8.17	0.01	0	0	6	2.442	2	2	19
EPI417234_A_Victoria_361_2011	KT844012_A_Iowa_28_2015	2015.7.30	0.012	0	0	6	3.457	3	3	20
EPI417234_A_Victoria_361_2011	KT844048_A_Washington_36_2015	2015.5.10	1.012	1	1	7	4.443	4	4	21
EPI417234_A_Victoria_361_2011	KT844075_A_Alaska_69_2015	2015.6.26	0.012	0	0	6	3.457	3	3	20
EPI417234_A_Victoria_361_2011	KT888272_A_Kabul_1514A01305430N_2013	2013.1.7	0.01	0	0	6	3.459	3	3	20
EPI417234_A_Victoria_361_2011	KT888276_A_Taipei_1514A02605215N_2013	2013.5.7	1.004	1	1	3	2.439	2	2	15
EPI417234_A_Victoria_361_2011	KT888277_A_Taipei_1514A02605215T_2013	2013.5.7	1.008	1	1	7	2.441	2	2	19
EPI417234_A_Victoria_361_2011	KT888280_A_Pristina_1514A06505401N_2013	2013.2.6	0.008	0	0	6	1.428	1	1	18
EPI417234_A_Victoria_361_2011	KT888284_A_Budapest_1514A07805419T_2013	2013.2.5	0.01	0	0	6	2.454	2	2	19
EPI417234_A_Victoria_361_2011	KT888285_A_Budapest_1514A07805832T_2013	2013.2.6	0.01	0	0	6	3.454	3	3	20
EPI417234_A_Victoria_361_2011	KU589864_A_New_Hampshire_40_2015	2015.9.14	1.012	1	1	7	5.031	4	4	21
EPI417234_A_Victoria_361_2011	KU590701_A_Ohio_28_2015	2015.9.17	0.012	0	0	6	3.458	3	3	20
EPI417234_A_Victoria_361_2011	KY116931_A_Alaska_232_2015	2015.9.9	0.01	0	0	6	2.438	2	2	21
EPI417234_A_Victoria_361_2011	KY487521_A_Columbia_P0079_2014	2014.12.25	0.01	0	0	6	3.439	3	3	20
EPI417234_A_Victoria_361_2011	KY509828_A_Seoul_1595_2015	2015.9.14	0.01	0	0	6	3.447	3	3	20
EPI417234_A_Victoria_361_2011	KY615536_A_Columbia_P0112_2014	2014.12.27	0.012	0	0	6	4.457	4	4	21
EPI417234_A_Victoria_361_2011	KY681484_A_Saudi_Arabia_07_2014	2014.10.4	1.016	1	1	7	4.492	4	3	21
EPI417234_A_Victoria_361_2011	KY681500_A_Saudi_Arabia_28_2015	2015.9.25	0.012	0	0	6	2.455	2	2	19
EPI417234_A_Victoria_361_2011	LC032870_A_Kyoto_13K025_2014	2014.2.5	1.028	1	1	7	10.947	11	10	21
EPI417234_A_Victoria_361_2011	LC032886_A_Kyoto_13K054_2014	2014.2.13	0.008	0	0	6	1.449	1	1	18
EPI417234_A_Victoria_361_2011	LC032990_A_Hokkaido_13H009_2014	2014.1.14	0.013	0	0	6	9.911	10	9	20
EPI417234_A_Victoria_361_2011	LC033126_A_Niigata_13F024_2014	2014.1.31	0.014	0	0	6	2.488	2	1	19
EPI417234_A_Victoria_361_2011	LC033134_A_Niigata_13F335_2014	2014.3.3	1.006	1	1	3	6.446	6	6	18
EPI417234_A_Victoria_361_2011	LC033302_A_Nagasaki_13N004_2014	2014.1.2	0.01	0	0	6	2.455	2	2	19
EPI417234_A_Victoria_361_2011	LC033310_A_Nagasaki_13N007_2014	2014.1.13	1.008	1	1	7	1.443	1	1	18
EPI417234_A_Victoria_361_2011	LC033326_A_Nagasaki_13N046_2014	2014.1.30	0.01	0	0	6	3.443	3	3	20
EPI417234_A_Victoria_361_2011	MK640848_A_China_41303_2012	2012.12.24	1.01	1	1	7	5.458	5	5	22
EPI417234_A_Victoria_361_2011	MK640849_A_China_41304_2012	2012.12.24	1.008	1	1	7	0.427	0	0	17
EPI417234_A_Victoria_361_2011	MK640850_A_China_41678_2013	2013.1.5	0.01	0	0	6	0.474	0	0	17
EPI417234_A_Victoria_361_2011	MK640851_A_China_41691_2013	2013.1.5	1.01	1	1	7	3.477	3	3	20
EPI417234_A_Victoria_361_2011	MK640852_A_China_44381_2013	2013.4.9	0.002	0	0	2	2.419	2	2	10
EPI417234_A_Victoria_361_2011	MK640853_A_China_51045_2013	2013.12.29	0.002	0	0	2	2.415	2	2	8
EPI417234_A_Victoria_361_2011	MK640854_A_China_51323_2014	2014.1.6	0.012	0	0	6	3.459	3	3	20
EPI417234_A_Victoria_361_2011	MK640855_A_China_51340_2014	2014.1.6	0.008	0	0	6	1.441	1	1	18
EPI417234_A_Victoria_361_2011	MK640856_A_China_55254_2014	2014.5.8	1.016	1	1	7	4.484	4	3	21
EPI417234_A_Victoria_361_2011	MK640857_A_China_55312_2014	2014.5.13	0.014	0	0	6	5.482	5	4	22
EPI417234_A_Victoria_361_2011	MK640859_A_China_59100_2014	2014.11.14	0.016	0	0	6	3.482	3	2	20
EPI417234_A_Victoria_361_2011	MK640865_A_China_60938_2014	2014.12.9	1.014	1	1	7	4.48	4	3	21
EPI417234_A_Victoria_361_2011	MK640867_A_China_J7525_2014	2014.12.9	0.014	0	0	6	2.482	2	1	19
EPI417234_A_Victoria_361_2011	MK640868_A_China_J7506_2014	2014.12.9	1.014	1	1	7	4.482	4	3	21
EPI417234_A_Victoria_361_2011	MK640871_A_China_60701_2014	2014.12.11	0.014	0	0	6	3.484	3	2	20
EPI417234_A_Victoria_361_2011	MK640877_A_China_61248_2014	2014.12.16	0.014	0	0	6	3.484	3	2	20
EPI417234_A_Victoria_361_2011	MK640878_A_China_61391_2014	2014.12.18	1.012	1	1	7	3.459	3	3	20
EPI417234_A_Victoria_361_2011	MK640879_A_China_61007_2014	2014.12.18	1.014	1	1	7	2.482	2	1	19
EPI417234_A_Victoria_361_2011	MK640881_A_China_60736_2014	2014.12.18	1.014	1	1	7	3.486	3	2	20
EPI417234_A_Victoria_361_2011	MK640882_A_China_60786_2014	2014.12.18	1.012	1	1	7	2.467	2	1	19
EPI417234_A_Victoria_361_2011	MK640885_A_China_61309_2014	2014.12.18	1.014	1	1	7	3.482	3	2	20
EPI417234_A_Victoria_361_2011	MK640887_A_China_61520_2014	2014.12.19	2.012	2	2	8	4.469	4	3	21
EPI417234_A_Victoria_361_2011	MK640892_A_China_61481_2014	2014.12.23	0.016	0	0	6	5.434	5	3	20
EPI417234_A_Victoria_361_2011	MK640894_A_China_62885_2015	2015.1.27	0.014	0	0	6	2.496	2	1	19
EPI417234_A_Victoria_361_2011	MK640895_A_China_62889_2015	2015.1.27	0.014	0	0	6	5.495	5	4	22
EPI417234_A_Victoria_361_2011	MK640896_A_China_62895_2015	2015.1.27	1.01	1	1	3	2.473	2	1	15
EPI417234_A_Victoria_361_2011	MK640897_A_China_63513_2015	2015.2.17	0.016	0	0	6	5.51	5	4	22
EPI417234_A_Victoria_361_2011	MK640899_A_China_66886_2015	2015.7.22	1.004	1	1	3	2.582	2	2	10
EPI417234_A_Victoria_361_2011	MK640901_A_China_67013_2015	2015.8.24	0.012	0	0	6	4.44	4	4	21
EPI417234_A_Victoria_361_2011	MK730233_A_New_York_WC_LVD_12_051_2012	2012.10.5	1.008	1	1	7	1.436	1	1	18
EPI417234_A_Victoria_361_2011	MK730273_A_New_York_WC_LVD_12_057_2012	2012.12.7	0.008	0	0	6	0.444	0	0	17
EPI417234_A_Victoria_361_2011	MK730497_A_New_York_WC_LVD_12_086_2012	2012.12.17	0.01	0	0	6	0.459	0	0	17
EPI417234_A_Victoria_361_2011	MK817973_A_Maryland_178_5D_2013	2013.2.7	1.01	1	1	7	0.465	0	0	17
EPI417234_A_Victoria_361_2011	MK818117_A_Maryland_63_5D_2013	2013.1.11	0.01	0	0	6	0.477	0	0	17
EPI417234_A_Victoria_361_2011	MK969839_A_Maryland_127_17D_2013	2013.2.4	1.01	1	1	7	1.468	1	1	18
EPI417234_A_Victoria_361_2011	MK970023_A_Maryland_22_1_2012	2012.12.12	0.008	0	0	6	0.426	0	0	17
EPI614441_A_Switzerland_9715293_2013	CY208845_A_Texas_182_2016	2016.8.31	0.009	0	0	2	5.37	5	4	18
EPI614441_A_Switzerland_9715293_2013	CY264049_A_Arizona_67_2016	2016.5.4	0.012	0	0	6	6.353	6	5	23
EPI614441_A_Switzerland_9715293_2013	EPI686117_A_Hong_Kong_15611_2015	2015.10.19	0.007	0	0	2	4.335	4	3	13
EPI614441_A_Switzerland_9715293_2013	KU591160_A_Hawaii_68_2015	2015.10.5	1.012	1	1	3	7.345	7	6	20
EPI614441_A_Switzerland_9715293_2013	KU592163_A_Hawaii_74_2015	2015.10.9	0.008	0	0	2	5.347	5	4	18
EPI614441_A_Switzerland_9715293_2013	KU592184_A_South_Dakota_39_2015	2015.10.13	0.008	0	0	2	4.335	4	3	16
EPI614441_A_Switzerland_9715293_2013	KX412042_A_Iowa_45_2015	2015.10.22	2.009	2	2	4	5.342	5	4	18
EPI614441_A_Switzerland_9715293_2013	KX413283_A_Georgia_40_2016	2016.3.6	1.015	1	1	3	12.377	12	11	25
EPI614441_A_Switzerland_9715293_2013	KX414582_A_Washington_26_2016	2016.1.19	0.008	0	0	2	5.362	5	4	17
EPI614441_A_Switzerland_9715293_2013	KX416117_A_Washington_47_2016	2016.3.14	0.009	0	0	2	9.348	9	8	22
EPI614441_A_Switzerland_9715293_2013	KX416429_A_Hawaii_28_2016	2016.2.29	1.014	1	1	7	5.357	5	4	22
EPI614441_A_Switzerland_9715293_2013	KX416829_A_Washington_55_2016	2016.4.12	1.018	1	1	3	13.389	13	12	26
EPI614441_A_Switzerland_9715293_2013	KX417005_A_Texas_136_2016	2016.4.22	2.013	2	2	4	11.513	11	10	20
EPI614441_A_Switzerland_9715293_2013	KX916993_A_California_12_2016	2016.1.12	1.016	1	1	7	7.35	7	6	24
EPI614441_A_Switzerland_9715293_2013	KX918281_A_Kentucky_26_2016	2016.4.25	1.017	1	1	3	12.377	12	11	25
EPI614441_A_Switzerland_9715293_2013	KY115915_A_Nebraska_24_2016	2016.9.19	0.012	0	0	6	5.365	5	4	22
EPI614441_A_Switzerland_9715293_2013	KY487603_A_Taipei_0020_2016	2016.1.5	0.014	0	0	6	4.358	4	3	21
EPI614441_A_Switzerland_9715293_2013	KY487612_A_Linkou_0081_2016	2016.1.26	0.012	0	0	6	6.361	6	5	23
EPI614441_A_Switzerland_9715293_2013	KY509826_A_Chungbuk_107_2016	2016.1.18	3.029	3	3	5	15.238	15	11	28
EPI614441_A_Switzerland_9715293_2013	KY509827_A_Gyeonggi_458_2016	2016.2.22	1.122	1	1	3	12.326	12	8	21
EPI614441_A_Switzerland_9715293_2013	KY615384_A_Keelung_0026_2016	2016.1.15	0.009	0	0	2	5.344	5	4	18
EPI614441_A_Switzerland_9715293_2013	KY615571_A_Taipei_0011_2015	2015.12.24	0.009	0	0	2	6.328	6	5	15
EPI614441_A_Switzerland_9715293_2013	MG984174_A_Shanghai_1_2016	2016.9.14	2.014	2	2	8	7.329	7	5	23
EPI614441_A_Switzerland_9715293_2013	MK640903_A_China_70219_2015	2015.12.25	0.007	0	0	2	5.333	5	4	14
EPI614441_A_Switzerland_9715293_2013	MK640906_A_China_71516_2016	2016.1.25	0.009	0	0	2	5.356	5	4	18
EPI686117_A_Hong_Kong_15611_2015	1444950_A_Chepstow_1180_2019	2019.3.25	1.004	1	1	3	8.095	8	8	25
EPI686117_A_Hong_Kong_15611_2015	1448200_A_Louisiana_34_2019	2019.4.24	3.012	3	3	5	5.371	5	4	17
EPI686117_A_Hong_Kong_15611_2015	1479371_A_Hawaii_31_2019	2019.4.17	2.014	2	2	4	6.376	6	5	18
EPI686117_A_Hong_Kong_15611_2015	1548016_A_Cheboksary_153_2019	2019.3.18	1.002	1	1	3	8.083	8	8	20
EPI686117_A_Hong_Kong_15611_2015	1548064_A_Tomsk_155_2019	2019.3.11	0.008	0	0	2	8.091	8	8	25
EPI686117_A_Hong_Kong_15611_2015	1548211_A_Mexico_1952_2019	2019.5.7	3.013	3	3	5	5.373	5	4	14
EPI686117_A_Hong_Kong_15611_2015	1592032_A_Hong_Kong_2671_2019	2019.6.11	1.008	1	1	3	10.084	10	10	27
EPI686117_A_Hong_Kong_15611_2015	1597372_A_Louisiana_39_2019	2019.8.25	0.01	0	0	2	11.094	11	11	28
EPI686117_A_Hong_Kong_15611_2015	1609436_A_El_Salvador_517_2019	2019.7.30	2.012	2	2	4	7.375	7	6	15
EPI686117_A_Hong_Kong_15611_2015	1609444_A_Hawaii_64_2019	2019.9.15	3.004	3	3	5	12.099	12	12	29
EPI686117_A_Hong_Kong_15611_2015	1808226_A_Jiangxi_Zhanggong_1512_2019	2019.6.11	2.002	2	2	4	6.068	6	6	18
EPI686117_A_Hong_Kong_15611_2015	CY210604_A_Idaho_41_2016	2016.11.22	0.002	0	0	2	2.055	2	2	18
EPI686117_A_Hong_Kong_15611_2015	CY211583_A_California_129_2016	2016.10.5	0.002	0	0	2	1.054	1	1	18
EPI686117_A_Hong_Kong_15611_2015	CY212631_A_Nevada_55_2016	2016.12.8	1.006	1	1	7	2.054	2	2	23
EPI686117_A_Hong_Kong_15611_2015	CY212887_A_California_184_2016	2016.12.13	0.002	0	0	2	0.064	0	0	17
EPI686117_A_Hong_Kong_15611_2015	CY212895_A_California_187_2016	2016.12.14	1.01	1	1	3	9.124	9	8	26
EPI686117_A_Hong_Kong_15611_2015	CY213847_A_Minnesota_76_2016	2016.10.25	0.004	0	0	2	1.06	1	1	18
EPI686117_A_Hong_Kong_15611_2015	CY214207_A_Hawaii_103_2016	2016.12.7	0.008	0	0	6	1.064	1	1	22
EPI686117_A_Hong_Kong_15611_2015	CY214479_A_Maryland_31_2016	2016.12.19	0.002	0	0	2	1.069	1	1	18
EPI686117_A_Hong_Kong_15611_2015	CY214567_A_West_Virginia_01_2017	2017.1.3	2.004	2	2	4	1.181	1	1	13
EPI686117_A_Hong_Kong_15611_2015	CY214879_A_California_214_2016	2016.12.31	1	1	1	1	2.05	2	2	14
EPI686117_A_Hong_Kong_15611_2015	CY218123_A_Wisconsin_08_2017	2017.1.13	0	0	0	0	3.051	3	3	15
EPI686117_A_Hong_Kong_15611_2015	CY220132_A_Texas_32_2017	2017.1.31	2.002	2	2	4	2.061	2	2	17
EPI686117_A_Hong_Kong_15611_2015	CY220180_A_New_Jersey_07_2017	2017.1.30	1.002	1	1	3	1.056	1	1	18
EPI686117_A_Hong_Kong_15611_2015	CY220548_A_Alabama_06_2017	2017.2.7	2.008	2	2	8	3.066	3	3	22
EPI686117_A_Hong_Kong_15611_2015	CY221923_A_Texas_47_2017	2017.2.13	0.003	0	0	2	1.069	1	1	18
EPI686117_A_Hong_Kong_15611_2015	CY223218_A_New_Mexico_11_2017	2017.2.28	1.002	1	1	3	2.083	2	2	19
EPI686117_A_Hong_Kong_15611_2015	CY223691_A_Maryland_10_2017	2017.1.31	1.004	1	1	3	0.069	0	0	17
EPI686117_A_Hong_Kong_15611_2015	CY223707_A_Ohio_05_2017	2017.2.7	0.004	0	0	2	2.073	2	2	19
EPI686117_A_Hong_Kong_15611_2015	CY223731_A_Florida_10_2017	2017.2.8	0.001	0	0	1	4.074	4	4	17
EPI686117_A_Hong_Kong_15611_2015	CY223739_A_Florida_11_2017	2017.2.13	1.002	1	1	3	2.066	2	2	19
EPI686117_A_Hong_Kong_15611_2015	CY224883_A_Arizona_06_2017	2017.1.31	0.003	0	0	2	2.081	2	2	19
EPI686117_A_Hong_Kong_15611_2015	CY225075_A_Georgia_06_2017	2017.2.15	1	1	1	1	4.061	4	4	15
EPI686117_A_Hong_Kong_15611_2015	CY227443_A_Vermont_08_2017	2017.3.2	0.004	0	0	2	2.084	2	2	19
EPI686117_A_Hong_Kong_15611_2015	CY227899_A_Delaware_19_2017	2017.3.21	2.014	2	2	4	6.372	6	5	18
EPI686117_A_Hong_Kong_15611_2015	CY228314_A_South_Dakota_11_2017	2017.2.13	0.008	0	0	6	2.09	2	2	23
EPI686117_A_Hong_Kong_15611_2015	CY228698_A_Wisconsin_39_2017	2017.3.19	0.002	0	0	2	3.087	3	3	20
EPI686117_A_Hong_Kong_15611_2015	CY228730_A_Arkansas_18_2017	2017.3.19	2.018	2	2	8	5.373	5	4	22
EPI686117_A_Hong_Kong_15611_2015	CY230042_A_Michigan_30_2017	2017.2.27	1	1	1	1	2.07	2	2	14
EPI686117_A_Hong_Kong_15611_2015	CY230282_A_Tennessee_21_2017	2017.2.20	0.003	0	0	2	4.086	4	4	21
EPI686117_A_Hong_Kong_15611_2015	CY230438_A_Delaware_19_2017	2017.3.21	2.018	2	2	8	6.375	6	5	23
EPI686117_A_Hong_Kong_15611_2015	CY230551_A_West_Virginia_09_2017	2017.2.13	2.003	2	2	4	3.081	3	3	20
EPI686117_A_Hong_Kong_15611_2015	CY230855_A_Oregon_14_2017	2017.2.28	2.008	2	2	8	2.069	2	2	23
EPI686117_A_Hong_Kong_15611_2015	CY232473_A_Florida_34_2017	2017.4.9	0.006	0	0	6	0.042	0	0	21
EPI686117_A_Hong_Kong_15611_2015	CY232567_A_North_Carolina_27_2017	2017.4.5	2.012	2	2	4	6.369	6	5	15
EPI686117_A_Hong_Kong_15611_2015	CY235613_A_Washington_40_2017	2017.4.17	0.008	0	0	6	3.094	3	3	24
EPI686117_A_Hong_Kong_15611_2015	CY235685_A_Nevada_12_2017	2017.4.25	0.004	0	0	2	2.086	2	2	19
EPI686117_A_Hong_Kong_15611_2015	CY242099_A_Florida_29_2017	2017.1.7	2.01	2	2	8	3.073	3	3	24
EPI686117_A_Hong_Kong_15611_2015	CY242347_A_Florida_50_2017	2017.7.26	1.01	1	1	7	4.074	4	4	25
EPI686117_A_Hong_Kong_15611_2015	CY243548_A_Alaska_30_2017	2017.6.18	0.002	0	0	2	3.079	3	3	20
EPI686117_A_Hong_Kong_15611_2015	CY243675_A_Alaska_46_2017	2017.7.31	0.003	0	0	2	3.081	3	3	20
EPI686117_A_Hong_Kong_15611_2015	CY244478_A_California_60_2017	2017.7.1	0.002	0	0	2	3.077	3	3	20
EPI686117_A_Hong_Kong_15611_2015	CY245203_A_Arizona_50_2017	2017.8.22	1.002	1	1	3	3.079	3	3	20
EPI686117_A_Hong_Kong_15611_2015	CY245459_A_Hawaii_45_2017	2017.8.22	0.008	0	0	6	2.091	2	2	23
EPI686117_A_Hong_Kong_15611_2015	CY250520_A_Arkansas_24_2017	2017.10.12	0.002	0	0	2	3.066	3	3	20
EPI686117_A_Hong_Kong_15611_2015	CY257914_A_Florida_73_2017	2017.10.15	1.001	1	1	2	3.063	3	3	16
EPI686117_A_Hong_Kong_15611_2015	CY257994_A_Massachusetts_16_2017	2017.10.12	0.008	0	0	6	5.091	5	5	24
EPI686117_A_Hong_Kong_15611_2015	CY258177_A_New_York_36_2017	2017.10.21	0.002	0	0	2	6.053	6	6	18
EPI686117_A_Hong_Kong_15611_2015	CY258305_A_Louisiana_57_2017	2017.10.28	0	0	0	0	3.061	3	3	15
EPI686117_A_Hong_Kong_15611_2015	CY260353_A_California_86_2017	2017.10.3	0	0	0	0	5.093	5	5	19
EPI686117_A_Hong_Kong_15611_2015	CY264374_A_New_Hampshire_27_2017	2017.11.21	0	0	0	0	3.061	3	3	15
EPI686117_A_Hong_Kong_15611_2015	CY264986_A_Pennsylvania_274_2017	2017.12.15	0	0	0	0	3.061	3	3	15
EPI686117_A_Hong_Kong_15611_2015	CY266079_A_Florida_87_2017	2017.10.25	0.003	0	0	2	3.063	3	3	16
EPI686117_A_Hong_Kong_15611_2015	KY949675_A_Linkou_0175_2016	2016.12.12	0.002	0	0	2	3.062	3	3	20
EPI686117_A_Hong_Kong_15611_2015	KY949682_A_Linkou_0191_2016	2016.12.30	0.003	0	0	2	4.062	4	4	21
EPI686117_A_Hong_Kong_15611_2015	KY949699_A_Linkou_0187_2016	2016.12.27	1.001	1	1	2	2.066	2	2	15
EPI686117_A_Hong_Kong_15611_2015	KY949700_A_Keelung_0082_2016	2016.11.30	0.002	0	0	2	0.067	0	0	17
EPI686117_A_Hong_Kong_15611_2015	KY949766_A_Taipei_0088_2016	2016.12.6	0.002	0	0	2	0.062	0	0	17
EPI686117_A_Hong_Kong_15611_2015	KY949786_A_Keelung_0097_2016	2016.12.20	0.002	0	0	2	0.05	0	0	17
EPI686117_A_Hong_Kong_15611_2015	KY949826_A_Taipei_0092_2016	2016.12.19	0.008	0	0	6	0.068	0	0	21
EPI686117_A_Hong_Kong_15611_2015	KY949862_A_Keelung_0089_2016	2016.12.8	0.006	0	0	2	3.103	3	3	20
EPI686117_A_Hong_Kong_15611_2015	KY949934_A_Keelung_0099_2016	2016.12.21	0	0	0	0	0.031	0	0	11
EPI686117_A_Hong_Kong_15611_2015	KY949967_A_Linkou_0169_2016	2016.12.2	0.008	0	0	6	0.079	0	0	21
EPI686117_A_Hong_Kong_15611_2015	KY950051_A_Linkou_0186_2016	2016.12.26	0	0	0	0	3.058	3	3	15
EPI686117_A_Hong_Kong_15611_2015	KY950096_A_Linkou_0181_2016	2016.12.21	0.003	0	0	2	4.06	4	4	21
EPI686117_A_Hong_Kong_15611_2015	KY950133_A_Keelung_0095_2016	2016.12.14	0.003	0	0	2	1.067	1	1	18
EPI686117_A_Hong_Kong_15611_2015	KY950211_A_Linkou_0185_2016	2016.12.24	0.002	0	0	2	4.05	4	4	21
EPI686117_A_Hong_Kong_15611_2015	MF736980_A_Vologda_CRIE_172_2016	2016.12.17	0.008	0	0	6	4.072	4	4	25
EPI686117_A_Hong_Kong_15611_2015	MF736996_A_Karachay_Cherkess_CRIE_301_2017	2017.2.28	1.004	1	1	3	3.119	3	3	20
EPI686117_A_Hong_Kong_15611_2015	MF783012_A_Rochester_U029_2017	2017.1.20	1.002	1	1	3	4.135	4	4	21
EPI686117_A_Hong_Kong_15611_2015	MG198917_A_Guangdong_SKLRD01_2017	2017.7.15	0.002	0	0	2	3.12	3	3	20
EPI686117_A_Hong_Kong_15611_2015	MG856322_A_Karachay_Cherkess_CRIE_296_2016	2016.12.11	0.002	0	0	2	4.05	4	4	21
EPI686117_A_Hong_Kong_15611_2015	MG974447_A_Kansas_14_2017	2017.12.14	2.013	2	2	4	5.373	5	4	18
EPI686117_A_Hong_Kong_15611_2015	MG984182_A_Shanghai_10_2017	2017.1.10	1.003	1	1	3	2.073	2	2	19
EPI686117_A_Hong_Kong_15611_2015	MG984190_A_Shanghai_11_2017	2017.1.11	2.008	2	2	8	2.079	2	2	23
EPI686117_A_Hong_Kong_15611_2015	MG984198_A_Shanghai_12_2017	2017.1.13	1.001	1	1	2	2.066	2	2	15
EPI686117_A_Hong_Kong_15611_2015	MG984222_A_Shanghai_15_2017	2017.1.22	1.004	1	1	3	3.06	3	3	20
EPI686117_A_Hong_Kong_15611_2015	MG984230_A_Shanghai_16_2017	2017.1.25	0.004	0	0	2	3.062	3	3	20
EPI686117_A_Hong_Kong_15611_2015	MG984238_A_Shanghai_17_2017	2017.1.25	0.008	0	0	6	3.081	3	3	24
EPI686117_A_Hong_Kong_15611_2015	MG984246_A_Shanghai_18_2017	2017.1.26	0	0	0	0	1.034	1	1	12
EPI686117_A_Hong_Kong_15611_2015	MG984254_A_Shanghai_19_2017	2017.1.31	1.002	1	1	3	2.057	2	2	17
EPI686117_A_Hong_Kong_15611_2015	MG984270_A_Shanghai_20_2017	2017.2.3	1.002	1	1	3	2.058	2	2	19
EPI686117_A_Hong_Kong_15611_2015	MG984278_A_Shanghai_21_2017	2017.2.6	1.004	1	1	3	2.057	2	2	17
EPI686117_A_Hong_Kong_15611_2015	MG984286_A_Shanghai_29_2017	2017.5.16	0.004	0	0	2	3.055	3	3	18
EPI686117_A_Hong_Kong_15611_2015	MG984302_A_Shanghai_30_2017	2017.6.23	0.004	0	0	2	3.064	3	3	20
EPI686117_A_Hong_Kong_15611_2015	MG984310_A_Shanghai_31_2017	2017.6.23	1	1	1	1	3.055	3	3	15
EPI686117_A_Hong_Kong_15611_2015	MG984318_A_Shanghai_32_2017	2017.7.19	0.003	0	0	2	1.065	1	1	18
EPI686117_A_Hong_Kong_15611_2015	MG984326_A_Shanghai_33_2017	2017.7.25	0.001	0	0	1	1.04	1	1	14
EPI686117_A_Hong_Kong_15611_2015	MG984342_A_Shanghai_35_2017	2017.7.31	0.005	0	0	2	3.067	3	3	20
EPI686117_A_Hong_Kong_15611_2015	MG984350_A_Shanghai_36_2017	2017.8.9	0	0	0	0	3.056	3	3	17
EPI686117_A_Hong_Kong_15611_2015	MG984358_A_Shanghai_37_2017	2017.8.9	0.008	0	0	6	2.073	2	2	23
EPI686117_A_Hong_Kong_15611_2015	MG984366_A_Shanghai_38_2017	2017.8.11	0.01	0	0	6	3.073	3	3	24
EPI686117_A_Hong_Kong_15611_2015	MG984390_A_Shanghai_40_2017	2017.8.19	0.006	0	0	6	3.05	3	3	24
EPI686117_A_Hong_Kong_15611_2015	MG984398_A_Shanghai_41_2017	2017.8.19	0.002	0	0	2	3.07	3	3	20
EPI686117_A_Hong_Kong_15611_2015	MG984414_A_Shanghai_43_2017	2017.8.21	0.002	0	0	2	2.054	2	2	19
EPI686117_A_Hong_Kong_15611_2015	MG984430_A_Shanghai_45_2017	2017.8.23	0.01	0	0	6	3.075	3	3	24
EPI686117_A_Hong_Kong_15611_2015	MG984438_A_Shanghai_46_2017	2017.8.29	0.008	0	0	6	3.05	3	3	24
EPI686117_A_Hong_Kong_15611_2015	MG984446_A_Shanghai_47_2017	2017.8.29	0.001	0	0	1	1.04	1	1	14
EPI686117_A_Hong_Kong_15611_2015	MG984462_A_Shanghai_49_2017	2017.9.5	1.004	1	1	3	2.057	2	2	17
EPI686117_A_Hong_Kong_15611_2015	MG984478_A_Shanghai_50_2017	2017.9.6	1.002	1	1	3	2.052	2	2	17
EPI686117_A_Hong_Kong_15611_2015	MG984486_A_Shanghai_51_2017	2017.9.8	1.008	1	1	7	2.089	2	2	23
EPI686117_A_Hong_Kong_15611_2015	MG984502_A_Shanghai_53_2017	2017.9.13	1.008	1	1	7	2.077	2	2	23
EPI686117_A_Hong_Kong_15611_2015	MG984518_A_Shanghai_7_2016	2016.12.30	1.001	1	1	2	2.054	2	2	15
EPI686117_A_Hong_Kong_15611_2015	MH637447_A_Linkou_0335_2017	2017.7.18	0.002	0	0	2	5.055	5	5	17
EPI686117_A_Hong_Kong_15611_2015	MH637456_A_Linkou_0266_2017	2017.3.16	1.002	1	1	3	5.055	5	5	17
EPI686117_A_Hong_Kong_15611_2015	MH637483_A_Baltimore_P0247_2018	2018.1.14	0	0	0	0	3.069	3	3	15
EPI686117_A_Hong_Kong_15611_2015	MH637488_A_Baltimore_P0279_2018	2018.2.2	2.013	2	2	4	6.375	6	5	19
EPI686117_A_Hong_Kong_15611_2015	MH637511_A_Baltimore_P0243_2018	2018.1.11	2.014	2	2	4	6.378	6	5	18
EPI686117_A_Hong_Kong_15611_2015	MH637528_A_Baltimore_P0241_2018	2018.1.10	2.018	2	2	8	5.375	5	4	22
EPI686117_A_Hong_Kong_15611_2015	MH637557_A_Keelung_0113_2017	2017.1.16	0.007	0	0	2	1.046	1	1	16
EPI686117_A_Hong_Kong_15611_2015	MH637565_A_Baltimore_P0255_2018	2018.1.20	0.002	0	0	2	4.083	4	4	21
EPI686117_A_Hong_Kong_15611_2015	MH637576_A_Linkou_0302_2017	2017.6.20	0.002	0	0	2	2.078	2	2	19
EPI686117_A_Hong_Kong_15611_2015	MH637596_A_Baltimore_P0304_2018	2018.2.13	0	0	0	0	4.063	4	4	16
EPI686117_A_Hong_Kong_15611_2015	MH637603_A_Baltimore_P0238_2018	2018.1.8	1.004	1	1	3	6.092	6	6	23
EPI686117_A_Hong_Kong_15611_2015	MH637648_A_Taipei_0122_2017	2017.2.2	1.001	1	1	2	4.053	4	4	17
EPI686117_A_Hong_Kong_15611_2015	MH637673_A_Baltimore_P0237_2018	2018.1.7	0.002	0	0	2	3.085	3	3	20
EPI686117_A_Hong_Kong_15611_2015	MH637679_A_Taipei_0123_2017	2017.2.3	1.003	1	1	3	3.085	3	3	20
EPI686117_A_Hong_Kong_15611_2015	MH637687_A_Baltimore_P0286_2018	2018.2.5	0.002	0	0	2	3.079	3	3	20
EPI686117_A_Hong_Kong_15611_2015	MH637707_A_Keelung_0161_2017	2017.4.7	0.004	0	0	2	5.058	5	5	22
EPI686117_A_Hong_Kong_15611_2015	MH637726_A_Baltimore_P0239_2018	2018.1.8	0.002	0	0	2	3.065	3	3	15
EPI686117_A_Hong_Kong_15611_2015	MH637730_A_Baltimore_P0283_2018	2018.2.4	2.014	2	2	4	5.376	5	4	17
EPI686117_A_Hong_Kong_15611_2015	MH637747_A_Baltimore_P0232_2018	2018.1.2	0.006	0	0	2	2.206	2	2	19
EPI686117_A_Hong_Kong_15611_2015	MH637752_A_Linkou_0206_2017	2017.1.17	1.006	1	1	3	2.103	2	2	19
EPI686117_A_Hong_Kong_15611_2015	MH637768_A_Baltimore_P0242_2018	2018.1.11	1.002	1	1	3	3.067	3	3	15
EPI686117_A_Hong_Kong_15611_2015	MH637783_A_Baltimore_P0244_2018	2018.1.11	0.002	0	0	2	4.071	4	4	20
EPI686117_A_Hong_Kong_15611_2015	MH637808_A_Baltimore_P0298_2018	2018.2.10	0.002	0	0	2	3.089	3	3	20
EPI686117_A_Hong_Kong_15611_2015	MH701747_A_New_Jersey_93924_2018	2018.2.20	1	1	1	1	3.067	3	3	15
EPI686117_A_Hong_Kong_15611_2015	MH701755_A_New_Jersey_93934_2018	2018.2.21	1.002	1	1	3	3.083	3	3	20
EPI686117_A_Hong_Kong_15611_2015	MK159064_A_Jeonbuk_736_2017	2017.7.17	2.004	2	2	4	3.087	3	3	20
EPI686117_A_Hong_Kong_15611_2015	MK159072_A_Gyeongbuk_745_2017	2017.9.4	1.01	1	1	7	2.087	2	2	21
EPI686117_A_Hong_Kong_15611_2015	MK640910_A_China_80241_2016	2016.12.6	0.007	0	0	2	4.095	4	4	21
EPI686117_A_Hong_Kong_15611_2015	MK640913_A_China_81105_2017	2017.1.4	1.002	1	1	3	2.06	2	2	19
EPI686117_A_Hong_Kong_15611_2015	MK640914_A_China_81129_2017	2017.1.5	1.008	1	1	7	2.077	2	2	23
EPI686117_A_Hong_Kong_15611_2015	MK640915_A_China_81891_2017	2017.2.1	0.007	0	0	2	6.101	6	6	19
EPI686117_A_Hong_Kong_15611_2015	MN154312_A_Washington_9752_2019	2019.3.15	3.012	3	3	5	6.371	6	5	14
EPI686117_A_Hong_Kong_15611_2015	MN170167_A_Washington_9147_2019	2019.3.10	2.012	2	2	4	6.369	6	5	18
EPI686117_A_Hong_Kong_15611_2015	MN170183_A_Washington_9149_2019	2019.3.11	2.013	2	2	4	6.369	6	5	19
EPI686117_A_Hong_Kong_15611_2015	MN170191_A_Washington_9150_2019	2019.3.11	2.013	2	2	4	6.369	6	5	19
EPI686117_A_Hong_Kong_15611_2015	MN170207_A_Washington_9153_2019	2019.3.14	2.014	2	2	4	6.374	6	5	18
EPI686117_A_Hong_Kong_15611_2015	MN170223_A_Washington_9155_2019	2019.3.14	2.014	2	2	4	6.378	6	5	18
EPI686117_A_Hong_Kong_15611_2015	MN304051_A_Basel_USB003343_1_2016	2016.12.27	0.003	0	0	2	2.059	2	2	19
EPI686117_A_Hong_Kong_15611_2015	MN304056_A_Basel_USB003348_1_2016	2016.12.30	0.001	0	0	1	1.041	1	1	14
EPI686117_A_Hong_Kong_15611_2015	MN304081_A_Basel_USB003378_1_2017	2017.1.13	0.002	0	0	2	2.044	2	2	14
EPI686117_A_Hong_Kong_15611_2015	MN304116_A_Basel_USB003451_1_2017	2017.2.2	0.006	0	0	2	3.077	3	3	20
EPI686117_A_Hong_Kong_15611_2015	MN304117_A_Basel_USB003452_1_2017	2017.2.2	1.002	1	1	3	2.06	2	2	19
EPI686117_A_Hong_Kong_15611_2015	MN304125_A_Basel_USB003503_1_2017	2017.2.5	0.002	0	0	2	0.049	0	0	17
EPI686117_A_Hong_Kong_15611_2015	MN304128_A_Basel_USB003507_1_2017	2017.2.6	0.002	0	0	2	4.084	4	4	21
EPI686117_A_Hong_Kong_15611_2015	MN304158_A_Basel_USB001568_1_2017	2017.1.2	0.003	0	0	2	4.069	4	4	21
EPI686117_A_Hong_Kong_15611_2015	MN304160_A_Basel_USB002230_1_2017	2017.1.2	0.008	0	0	6	0.07	0	0	21
EPI686117_A_Hong_Kong_15611_2015	MN304174_A_Basel_USB001581_1_2017	2017.1.3	1.008	1	1	7	2.065	2	2	21
EPI686117_A_Hong_Kong_15611_2015	MN304184_A_Basel_USB001592_1_2017	2017.1.4	0.004	0	0	2	4.071	4	4	21
EPI686117_A_Hong_Kong_15611_2015	MN304199_A_Basel_USB001639_1_2017	2017.1.4	0.003	0	0	2	1.063	1	1	18
EPI686117_A_Hong_Kong_15611_2015	MN304202_A_Basel_USB002304_1_2017	2017.1.4	0.008	0	0	6	4.076	4	4	25
EPI686117_A_Hong_Kong_15611_2015	MN304206_A_Basel_USB001584_1_2017	2017.1.4	0	0	0	0	4.064	4	4	16
EPI686117_A_Hong_Kong_15611_2015	MN304230_A_Basel_USB002323_1_2017	2017.1.6	0.002	0	0	2	1.053	1	1	18
EPI686117_A_Hong_Kong_15611_2015	MN304260_A_Basel_USB002443_1_2017	2017.1.7	1.003	1	1	3	2.079	2	2	19
EPI686117_A_Hong_Kong_15611_2015	MN304284_A_Basel_USB002561_1_2017	2017.1.9	0.001	0	0	1	4.039	4	4	17
EPI686117_A_Hong_Kong_15611_2015	MN304303_A_Basel_USB002594_1_2017	2017.1.10	0.002	0	0	2	4.061	4	4	16
EPI686117_A_Hong_Kong_15611_2015	MN304347_A_Basel_USB002671_1_2017	2017.1.13	0.002	0	0	2	4.064	4	4	21
EPI686117_A_Hong_Kong_15611_2015	MN304376_A_Basel_USB002722_1_2017	2017.1.17	0.002	0	0	2	4.077	4	4	21
EPI686117_A_Hong_Kong_15611_2015	MN304409_A_Basel_USB002775_1_2017	2017.1.22	1.008	1	1	7	2.071	2	2	23
EPI686117_A_Hong_Kong_15611_2015	MN304423_A_Basel_USB002825_1_2017	2017.1.23	0	0	0	0	2.074	2	2	14
EPI686117_A_Hong_Kong_15611_2015	MN304459_A_Basel_USB002891_1_2017	2017.1.29	1.008	1	1	7	3.073	3	3	24
EPI686117_A_Hong_Kong_15611_2015	MN304483_A_Basel_USB002922_1_2017	2017.2.1	0.002	0	0	2	4.066	4	4	21
EPI686117_A_Hong_Kong_15611_2015	MN304521_A_Basel_USB002995_1_2017	2017.2.5	1.005	1	1	3	2.096	2	2	19
EPI686117_A_Hong_Kong_15611_2015	MN304543_A_Basel_USB003034_1_2017	2017.2.7	0.003	0	0	2	4.086	4	4	21
EPI686117_A_Hong_Kong_15611_2015	MN304587_A_Basel_USB003307_1_2017	2017.2.25	1	1	1	1	4.061	4	4	16
EPI686117_A_Hong_Kong_15611_2015	MN304604_A_Basel_USB002047_1_2016	2016.12.10	0.002	0	0	2	0.05	0	0	17
EPI686117_A_Hong_Kong_15611_2015	MN304638_A_Basel_USB002088_1_2016	2016.12.24	1.006	1	1	7	2.05	2	2	21
EPI686117_A_Hong_Kong_15611_2015	MN304643_A_Basel_USB002097_1_2016	2016.12.25	0.004	0	0	2	4.067	4	4	21
EPI686117_A_Hong_Kong_15611_2015	MN304651_A_Basel_USB002098_1_2016	2016.12.25	1.002	1	1	3	2.073	2	2	17
EPI686117_A_Hong_Kong_15611_2015	MN304652_A_Basel_USB001532_1_2016	2016.12.26	0.003	0	0	2	4.065	4	4	21
EPI686117_A_Hong_Kong_15611_2015	MN304663_A_Basel_USB001539_1_2016	2016.12.27	1.006	1	1	7	2.063	2	2	21
EPI686117_A_Hong_Kong_15611_2015	MN304664_A_Basel_USB001538_1_2016	2016.12.27	0.008	0	0	6	0.076	0	0	21
EPI686117_A_Hong_Kong_15611_2015	MN304667_A_Basel_USB001537_1_2016	2016.12.27	1.006	1	1	7	2.05	2	2	21
EPI686117_A_Hong_Kong_15611_2015	MN304668_A_Basel_USB002128_1_2016	2016.12.27	0.001	0	0	1	3.053	3	3	16
EPI686117_A_Hong_Kong_15611_2015	MN304672_A_Basel_USB002199_1_2016	2016.12.27	0.008	0	0	6	0.068	0	0	21
EPI686117_A_Hong_Kong_15611_2015	MN304679_A_Basel_USB002138_1_2016	2016.12.28	0.002	0	0	2	2.046	2	2	14
EPI686117_A_Hong_Kong_15611_2015	MN304682_A_Basel_USB001546_1_2016	2016.12.29	0	0	0	0	4.06	4	4	16
EPI686117_A_Hong_Kong_15611_2015	MN304687_A_Basel_USB002180_1_2016	2016.12.29	0.004	0	0	2	4.067	4	4	21
EPI686117_A_Hong_Kong_15611_2015	MN304690_A_Basel_USB002178_1_2016	2016.12.29	0.002	0	0	2	5.079	5	5	22
EPI686117_A_Hong_Kong_15611_2015	MN304704_A_Basel_USB001552_1_2016	2016.12.31	1.002	1	1	3	2.077	2	2	19
EPI686117_A_Hong_Kong_15611_2015	MN304711_A_Basel_USB001562_1_2016	2016.12.31	0.006	0	0	2	1.032	1	1	12
