vaccineStrain	compareStrain	tipDate	mean_N	median_N	min_N	max_N	mean_S	median_S	min_S	max_S
MG974447_A_Kansas_14_2017	1618891_A_Pennsylvania_1020_2019	2019.10.12	15.435	15	14	49	12.196	12	12	52
MG974447_A_Kansas_14_2017	1640279_A_Cardiff_9474_2019	2019.12.9	5.012	5	3	28	4.132	4	2	21
MG974447_A_Kansas_14_2017	1641886_A_Idaho_40_2019	2019.11.16	13.647	13	13	48	12.167	12	12	52
MG974447_A_Kansas_14_2017	1651646_A_Virginia_42_2019	2019.12.9	15.59	15	15	28	10.096	10	10	19
MG974447_A_Kansas_14_2017	1661929_A_Mexico_2943_2019	2019.10.31	8.099	8	6	33	9.093	9	7	37
MG974447_A_Kansas_14_2017	1662160_A_Abudhabi_106_2019	2019.11.26	16.63	16	16	31	10.142	10	10	32
MG974447_A_Kansas_14_2017	1675773_A_Rheinland_Pfalz_5_2020	2020.1.7	6.123	6	4	52	5.108	5	3	53
MG974447_A_Kansas_14_2017	1683447_A_Wisconsin_03_2020	2020.1.9	13.649	13	13	48	13.165	13	13	53
MG974447_A_Kansas_14_2017	1692312_A_Louisiana_66_2019	2019.12.28	14.647	14	14	49	14.161	14	14	54
MG974447_A_Kansas_14_2017	1713851_A_Pennsylvania_15_2020	2020.2.20	14.651	14.5	14	49	13.178	13	12	55
MG974447_A_Kansas_14_2017	1738893_A_Minnesota_23_2020	2020.3.20	13.649	13	13	48	11.163	11	11	51
MG974447_A_Kansas_14_2017	1738933_A_Idaho_52_2019	2019.12.25	16.652	16.5	16	51	13.159	13	13	53
MG974447_A_Kansas_14_2017	1740471_A_Minnesota_12_2020	2020.2.12	13.649	13	13	48	12.163	12	12	52
MG974447_A_Kansas_14_2017	1748112_A_Alberta_RV5268_2020	2020.3.4	14.382	14	13	26	15.099	15	15	24
MG974447_A_Kansas_14_2017	1799200_A_Haiti_394_2019	2019.12.16	16.653	16	16	51	13.163	13	13	53
MG974447_A_Kansas_14_2017	1807805_A_Guangxi_Hengxian_3105_2019	2019.11.14	12.651	12.5	12	47	12.147	12	12	52
MG974447_A_Kansas_14_2017	1807829_A_Zhejiang_Dinghai_1817_2019	2019.10.8	12.705	13	12	47	12.153	12	12	52
MG974447_A_Kansas_14_2017	1839735_A_Laos_1752_2020	2020.9.26	16.604	16	16	30	13.115	13	13	26
MG974447_A_Kansas_14_2017	1841191_A_Yunnan_Wenshan_1592_2020	2020.7.21	12.651	12.5	12	47	13.149	13	13	53
MG974447_A_Kansas_14_2017	1841681_A_Cambodia_e0826360_2020	2020.7.16	16.632	16	16	31	14.14	14	14	34
MG974447_A_Kansas_14_2017	1847821_A_Kitakyusyu_1_2020	2020.8.1	15.651	15	15	50	9.171	9	9	49
MG974447_A_Kansas_14_2017	1847845_A_Saitama_92_2020	2020.4.3	16.653	16	16	51	11.185	11	11	53
MG974447_A_Kansas_14_2017	2761581_A_Hessen_26_2020	2020.1.27	12.651	12.5	12	47	13.159	13	13	53
MG974447_A_Kansas_14_2017	2761606_A_Schleswig_Holstein_9_2020	2020.2.10	6.011	6	4	29	5.997	6	4	23
1592032_A_Hong_Kong_2671_2019	1838078_A_California_55_2020	2020.10.12	7.219	7	7	30	11.101	11	11	33
1592032_A_Hong_Kong_2671_2019	1847925_A_Vietnam_Vnhcm_Gs483_2020	2020.10.9	7.268	7	7	30	11.13	11	11	31
1592032_A_Hong_Kong_2671_2019	1849665_A_AbuDhabi_01_2021	2021.1.1	10.263	10	10	52	14.133	14	13	58
1592032_A_Hong_Kong_2671_2019	1852226_A_Bangkok_62_2020	2020.11.11	7.18	7	7	10	11.071	11	11	13
1592032_A_Hong_Kong_2671_2019	1858651_A_Pennsylvania_01_2021	2021.3.19	8.403	8	8	12	12.079	12	12	14
1592032_A_Hong_Kong_2671_2019	1861076_A_Laos_580_2021	2021.2.21	7.18	7	7	10	12.081	12	12	14
1592032_A_Hong_Kong_2671_2019	1869531_A_Delaware_01_2021	2021.4.16	7.463	7	7	49	14.139	14	14	58
1592032_A_Hong_Kong_2671_2019	1885447_A_Abu_Dhabi_2210622842_2021	2021.3.3	7.243	7	7	30	14.099	14	13	36
1592032_A_Hong_Kong_2671_2019	1905714_A_India_PUN_NIV323256_2021	2021.6.21	6.442	6	6	48	13.109	13	13	57
1592032_A_Hong_Kong_2671_2019	1905786_A_India_PUN_NIV312063_2021	2021.5.9	9.463	9	9	51	13.15	13	12	57
1592032_A_Hong_Kong_2671_2019	1905802_A_Nepal_Npwr_05637_2021	2021.4.8	8.438	8	8	31	11.109	11	11	33
1592032_A_Hong_Kong_2671_2019	1916915_A_Oklahoma_01_2021	2021.7.6	5.056	4	4	26	16.179	16	16	33
1592032_A_Hong_Kong_2671_2019	1916923_A_Michigan_03_2021	2021.8.18	7.441	7	7	30	14.111	14	14	36
1592032_A_Hong_Kong_2671_2019	1919553_A_YANAO_08_01V_2021	2021.8.8	7.466	7	7	29	13.119	13	13	30
1592032_A_Hong_Kong_2671_2019	1921773_A_Thailand_12_2021	2021.6.24	9.191	9	9	17	11.091	11	11	15
1592032_A_Hong_Kong_2671_2019	1922800_A_Nepal_21FL2699_2021	2021.8.11	7.474	7	7	29	16.193	16	15	33
1592032_A_Hong_Kong_2671_2019	1924350_A_Philippines_6_2021	2021.7.5	13.631	14	13	27	15.116	15	15	28
1592032_A_Hong_Kong_2671_2019	1925236_A_Michigan_05_2021	2021.9.26	5.06	4	4	26	17.193	17	17	34
1592032_A_Hong_Kong_2671_2019	1926248_A_Saint_Petersburg_RII_2415S_2021	2021.1.2	7.462	7	7	27	15.121	15	15	32
1592032_A_Hong_Kong_2671_2019	1940321_A_New_York_03_2021	2021.9.16	9.502	9	9	51	13.169	13	13	57
1592032_A_Hong_Kong_2671_2019	1954438_A_Picardie_28479_2021	2021.9.17	7.466	7	7	27	14.125	14	14	31
1592032_A_Hong_Kong_2671_2019	1967900_A_Pakistan_ICT7_2021	2021.9.16	6.461	6	6	48	11.138	11	11	55
1592032_A_Hong_Kong_2671_2019	1969592_A_Bangladesh_9019_2021	2021.9.20	10.479	10	10	52	14.134	14	13	58
1592032_A_Hong_Kong_2671_2019	EPI2415906_A_Darwin_9_2021	2021.4.17	7.478	7	7	29	14.121	14	14	31
1841681_A_Cambodia_e0826360_2020	19194107_A_Thailand_8_2022	2022.7.11	4.148	4	4	17	11.121	11	10	19
1841681_A_Cambodia_e0826360_2020	1941020_A_Florida_04_2021	2021.10.28	2.134	2	2	18	8.035	8	7	19
1841681_A_Cambodia_e0826360_2020	1952515_A_Pennsylvania_06_2021	2021.11.21	2.208	2	2	54	8.103	8	7	59
1841681_A_Cambodia_e0826360_2020	1958506_A_Khakassia_155_06V_2021	2021.11.30	3.246	3	3	36	9.128	9	8	38
1841681_A_Cambodia_e0826360_2020	1960344_A_Montana_10_2021	2021.11.29	4.199	4	4	37	8.09	8	7	37
1841681_A_Cambodia_e0826360_2020	1964326_A_California_46_2021	2021.12.19	2.167	2	2	35	8.062	8	7	35
1841681_A_Cambodia_e0826360_2020	1983154_A_Montana_02_2022	2022.1.6	2.191	2	2	35	8.087	8	7	37
1841681_A_Cambodia_e0826360_2020	1992288_A_Wyoming_09_2021	2021.12.2	2.24	2	2	33	8.122	8	7	37
1841681_A_Cambodia_e0826360_2020	2004157_A_North_Dakota_03_2022	2022.2.9	2.189	2	2	33	8.089	8	7	37
1841681_A_Cambodia_e0826360_2020	2007488_A_New_Mexico_07_2022	2022.2.14	2.255	2	2	54	10.144	10	9	61
1841681_A_Cambodia_e0826360_2020	2019560_A_Novosibirsk_RII_MH60652S_2022	2022.1.10	2.173	2	2	33	8.08	8	7	37
1841681_A_Cambodia_e0826360_2020	2042591_A_Picardie_21593_2022	2022.3.21	3.177	3	3	36	12.102	12	11	41
1841681_A_Cambodia_e0826360_2020	2042752_A_Lorraine_23758_2022	2022.3.26	2.259	2	2	54	11.167	11	10	62
1841681_A_Cambodia_e0826360_2020	2042994_A_Lorraine_28541_2022	2022.4.9	2.212	2	2	54	11.131	11	10	62
1841681_A_Cambodia_e0826360_2020	2043548_A_Berlin_23_2022	2022.3.17	2.25	2	2	35	11.154	11	10	40
1841681_A_Cambodia_e0826360_2020	2046104_A_Krasnodar_Krai_183_10V_2021	2021.12.17	3.155	3	3	36	11.082	11	10	38
1841681_A_Cambodia_e0826360_2020	2063583_A_Idaho_25_2022	2022.5.1	2.179	2	2	35	11.157	11	10	38
1841681_A_Cambodia_e0826360_2020	2077428_A_Berlin_61_2022	2022.4.25	7.967	8	7	51	22.075	22	21	67
1841681_A_Cambodia_e0826360_2020	2127871_A_Michigan_35_2022	2022.5.18	9.009	9	8	33	23.118	23	22	46
1841681_A_Cambodia_e0826360_2020	2136215_A_Abu_Dhabi_1812537_2022	2022.6.30	12.964	13	12	56	24.074	24	23	69
1841681_A_Cambodia_e0826360_2020	2176957_A_Florida_70_2022	2022.8.8	9.013	9	8	33	24.096	24	23	47
1841681_A_Cambodia_e0826360_2020	2194875_A_Maldives_875_2022	2022.9.9	5.224	5	5	57	10.108	10	9	61
1841681_A_Cambodia_e0826360_2020	2233523_A_Ayutthaya_NIC_P2289_2022	2022.7.18	3.252	3	3	36	9.202	9	8	38
1841681_A_Cambodia_e0826360_2020	2325220_A_Finland_298_2022	2022.9.4	3.238	3	3	55	7.315	7	6	58
1841681_A_Cambodia_e0826360_2020	2500106_A_ABUDHABI_UAE_1112067_2022	2022.4.25	3.246	3	3	36	7.32	7	6	36
1841681_A_Cambodia_e0826360_2020	2503987_A_British_Columbia_124_2022	2022.6.19	5.267	5	5	38	11.211	11	10	42
EPI2415906_A_Darwin_9_2021	19296516_A_Croatia_10136RV_2023	2023.12.4	4.156	4	4	56	8.984	8	7	66
EPI2415906_A_Darwin_9_2021	19377008_A_Arica_52920_2024	2024.7.1	9.156	9	9	61	6.996	6	5	64
EPI2415906_A_Darwin_9_2021	19355069_A_Chiang_Rai_1932_2024	2024.3.27	3.101	3	3	34	10.934	10	9	39
EPI2415906_A_Darwin_9_2021	19378437_A_Denmark_2208_2024	2024.6.29	5.093	5	5	36	7.92	7	6	36
EPI2415906_A_Darwin_9_2021	19522825_A_Denmark_2281_2024	2024.8.26	6.207	6	6	58	10.048	9	8	67
EPI2415906_A_Darwin_9_2021	19455563_A_England_2481021_2024	2024.6.4	4.207	4	4	56	10.039	9	8	67
EPI2415906_A_Darwin_9_2021	19539069_A_Ghana_1122_2024	2024.7.24	5.087	5	5	32	9.926	9	8	34
EPI2415906_A_Darwin_9_2021	19298604_A_Ghana_3370_2024	2024.6.6	7.097	7	7	38	9.933	9	8	38
EPI2415906_A_Darwin_9_2021	19377137_A_Guyana_10084_2024	2024.5.28	5.091	5	5	36	7.926	7	6	36
EPI2415906_A_Darwin_9_2021	19274403_A_Hungary_264_2024	2024.3.26	4.136	4	4	56	7.979	7	6	65
EPI2415906_A_Darwin_9_2021	19355364_A_Kenya_139_2024	2024.5.23	4.093	4	4	35	9.93	9	8	38
EPI2415906_A_Darwin_9_2021	19388144_A_Saudi_Arabia_PHL_FS8301_2024	2024.7.6	4.158	4	4	56	7.986	7	6	65
EPI2415906_A_Darwin_9_2021	19052814_A_Serbia_514284_2024	2024.3.8	5.14	5	5	57	7.985	7	6	65
EPI2415906_A_Darwin_9_2021	19539108_A_Wellington_85_2024	2024.8.14	7.199	7	7	59	8.037	7	6	65
EPI2415906_A_Darwin_9_2021	19208620_A_Wisconsin_80_2024	2024.5.25	6.093	6	6	37	7.922	7	6	36
EPI2415906_A_Darwin_9_2021	19642627_A_Jeju_4080_2024	2024.9.23	4.091	4	4	35	9.916	9	8	38
EPI2415906_A_Darwin_9_2021	19632815_A_Jeonbuk_3813_2024	2024.3.11	4.095	4	4	35	6.92	6	5	35
EPI2415906_A_Darwin_9_2021	19632822_A_Seoul_3837_2024	2024.3.18	4.205	4	4	56	8.025	7	6	65
EPI2415906_A_Darwin_9_2021	2206316_A_Rogerstone_2168_2022	2022.10.10	3.144	3	3	34	5.397	6	4	33
EPI2415906_A_Darwin_9_2021	2208308_A_Lourdes_53101_2022	2022.10.8	4.084	4	4	37	3.339	4	2	31
EPI2415906_A_Darwin_9_2021	2252381_A_Maine_07_2022	2022.10.27	10.252	10	9	53	25.123	25	24	70
EPI2415906_A_Darwin_9_2021	2253452_A_Kansas_25_2022	2022.10.19	8.216	8	8	60	7.004	6	6	66
EPI2415906_A_Darwin_9_2021	2254250_A_Centre_56613_2022	2022.11.23	2.084	2	2	31	9.177	10	8	37
EPI2415906_A_Darwin_9_2021	2257357_A_Austria_MUW1572306_2022	2022.11.30	11.251	11	10	54	28.127	28	27	73
EPI2415906_A_Darwin_9_2021	2283189_A_Denmark_3146_2022	2022.11.10	4.08	4	4	33	3.341	4	2	31
EPI2415906_A_Darwin_9_2021	2367511_A_Connecticut_04_2023	2023.1.4	7.082	7	7	36	4.349	5	3	32
EPI2415906_A_Darwin_9_2021	2385451_A_Oman_8557_2022	2022.12.4	4.17	4	4	37	5.99	5	4	41
EPI2415906_A_Darwin_9_2021	2424342_A_Baden_Wuerttemberg_144_2022	2022.12.1	14.195	14	13	38	26.063	26	25	47
EPI2415906_A_Darwin_9_2021	2424895_A_Sachsen_Anhalt_3_2023	2023.1.1	4.114	4	4	56	3.382	4	2	60
EPI2415906_A_Darwin_9_2021	2441868_A_Minnesota_08_2023	2023.1.11	9.129	9	8	13	25.022	25	24	28
EPI2415906_A_Darwin_9_2021	2467517_A_HaidianCDC_12962_2023	2023.3.2	3.091	3	3	34	7.922	7	6	36
EPI2415906_A_Darwin_9_2021	2498550_A_California_32_2023	2023.1.5	5.157	5	5	38	3.404	4	2	38
EPI2415906_A_Darwin_9_2021	2498622_A_Kansas_01_2023	2023.2.26	2.118	2	2	54	8.228	9	7	65
EPI2415906_A_Darwin_9_2021	2534759_A_Minnesota_18_2023	2023.2.22	9.129	9	8	13	25.022	25	24	28
EPI2415906_A_Darwin_9_2021	2539626_A_Nordrhein_Westfalen_128_2022	2022.12.20	3.163	3	3	35	7.245	8	6	37
EPI2415906_A_Darwin_9_2021	2571528_A_Bhutan_001_2022	2022.11.21	2.21	2	2	54	6.707	6	6	64
EPI2415906_A_Darwin_9_2021	2587133_A_Berlin_265_2022	2022.12.19	4.159	4	4	36	5.407	6	4	35
EPI2415906_A_Darwin_9_2021	2599401_A_Lebanon_2787_2023	2023.3.28	11.256	11	10	54	26.149	26	25	71
EPI2415906_A_Darwin_9_2021	2689682_A_Costa_Rica_8476_2023	2023.6.26	3.197	3	3	55	7.039	6	5	64
EPI2415906_A_Darwin_9_2021	2716167_A_Kentucky_06_2023	2023.7.18	4.093	4	4	35	5.918	5	4	34
EPI2415906_A_Darwin_9_2021	2716351_A_Guatemala_378_2023	2023.4.22	12.252	12	11	55	25.676	25	24	70
EPI2415906_A_Darwin_9_2021	2732731_A_Bangladesh_9003_2023	2023.5.8	4.217	4	4	56	6.004	5	4	63
EPI2415906_A_Darwin_9_2021	2736750_A_Finland_407_2023	2023.8.11	3.095	3	3	34	9.945	9	9	38
EPI2415906_A_Darwin_9_2021	2758811_A_Catalonia_NSVH102158148_2023	2023.9.6	6.091	6	6	37	8.949	8	7	37
EPI2415906_A_Darwin_9_2021	EPI2800450_A_Phra_Nakhon_Si_Ayutthaya_P4330_2023	2023.10.2	4.15	4	4	37	7.965	7	6	43
EPI2415906_A_Darwin_9_2021	EPI2817864_A_Nakhon_Phanom_P4970_2023	2023.11.3	5.124	5	5	37	8.94	8	7	39
EPI2415906_A_Darwin_9_2021	EPI2819091_A_Nebraska_13_2023	2023.11.15	4.064	4	4	26	8.883	8	7	30
EPI2415906_A_Darwin_9_2021	EPI2845383_A_Saint_Petersburg_RII_169_2023	2023.10.31	3.103	3	3	34	9.912	9	8	38
EPI2415906_A_Darwin_9_2021	EPI2901414_A_California_118_2023	2023.11.29	4.123	4	4	56	8.957	8	7	66
EPI2415906_A_Darwin_9_2021	EPI2926182_A_Hong_Kong_3084_2023	2023.12.1	4.123	4	4	35	6.945	6	5	33
EPI2415906_A_Darwin_9_2021	EPI2970652_A_Saratov_RII_3_2023	2023.12.22	5.199	5	5	57	7.027	6	5	64
EPI2415906_A_Darwin_9_2021	EPI3055327_A_New_Hampshire_02_2024	2024.1.4	5.962	5	5	38	9.976	9	8	45
EPI2415906_A_Darwin_9_2021	EPI3089330_A_Penarth_6936_2024	2024.1.22	4.145	4	4	36	7.965	7	6	38
EPI2415906_A_Darwin_9_2021	EPI3095110_A_Samara_22_2023	2023.12.22	5.105	5	5	27	7.93	7	6	29
EPI2415906_A_Darwin_9_2021	EPI3133740_A_Idaho_21_2024	2024.2.9	4.093	4	4	35	7.922	7	6	36
EPI2415906_A_Darwin_9_2021	EPI3134187_A_Florida_06_2024	2024.1.8	6.91	6	6	37	10.925	10	9	39
EPI2415906_A_Darwin_9_2021	EPI3186602_A_Nevada_104_2024	2024.3.1	3.111	3	3	34	8.923	8	7	37
EPI2415906_A_Darwin_9_2021	EPI3186714_A_Washington_22_2024	2024.2.4	6.095	6	6	37	9.923	9	8	38
19194107_A_Thailand_8_2022	19628172_A_Colorado_228_2024	2024.11.10	2.957	3	2	39	8.992	9	8	48
19194107_A_Thailand_8_2022	19826182_A_South_Africa_R01135_2025	2025.1.28	2.955	3	2	39	7.006	7	6	46
19194107_A_Thailand_8_2022	19822399_A_Incheon_694_2025	2025.2.18	2.84	3	2	58	7.878	8	7	69
19194107_A_Thailand_8_2022	19794607_A_Jeonnam_359_2025	2025.1.13	2.961	3	2	39	6.996	7	6	46
19194107_A_Thailand_8_2022	20080759_A_Vietnam_5034_2025	2025.2.15	6.017	6	5	42	11.054	11	10	50
19194107_A_Thailand_8_2022	19884376_A_Canarias_1589_2025	2025.1.1	2.84	3	2	58	7.894	8	7	69
19194107_A_Thailand_8_2022	19800540_A_Denmark_860_2025	2025.2.3	4.9	5	4	41	6.945	7	6	46
19194107_A_Thailand_8_2022	19682309_A_Netherlands_10048_2025	2025.1.2	2.962	3	2	39	9.006	9	8	48
19194107_A_Thailand_8_2022	19874950_A_Denmark_2460_2025	2025.3.24	3.901	4	3	40	5.931	6	5	45
19194107_A_Thailand_8_2022	20073250_A_Ontario_1098_2025	2025.4.1	4.96	5	4	41	9.007	9	8	48
19194107_A_Thailand_8_2022	19897514_A_South_Africa_PATH-CERI-C068465_2025	2025.5.3	4.961	5	4	41	7.998	8	7	47
19194107_A_Thailand_8_2022	20261922_A_South_Africa_8325_2025	2025.8.28	9.848	10	9	65	10.953	11	10	72
19296516_A_Croatia_10136RV_2023	20284405_A_Bahrain_1648_2025	2025.10.19	6.579	6	6	44	8.167	8	8	47
19296516_A_Croatia_10136RV_2023	20284485_A_Bahrain_2180_2025	2025.10.23	5.598	6	5	29	6.207	6	6	32
19296516_A_Croatia_10136RV_2023	20284519_A_Catalonia_NSVH102734071_2025	2025.11.28	5.676	5	5	63	7.271	7	7	73
19296516_A_Croatia_10136RV_2023	20269338_A_Denmark_3567_2025	2025.11.10	7.755	8	7	65	7.382	7	7	73
19296516_A_Croatia_10136RV_2023	20269279_A_Denmark_3542_2025	2025.11.7	6.712	7	6	62	6.34	6	6	72
19296516_A_Croatia_10136RV_2023	20221173_A_Cardiff_0040_2025	2025.10.2	6.617	7	6	36	8.226	8	8	39
19296516_A_Croatia_10136RV_2023	20275639_A_Colorado_ISC-1470_2025	2025.10.28	5.721	6	5	61	8.349	8	8	74
19296516_A_Croatia_10136RV_2023	20275637_A_Colorado_ISC-1507_2025	2025.11.14	5.62	6	5	35	6.228	6	6	37
19296516_A_Croatia_10136RV_2023	20275348_A_Florida_32_2025	2025.10.29	5.679	5.5	5	63	7.003	7	5	71
19296516_A_Croatia_10136RV_2023	20275683_A_New_York_NIRC-IS-1504_2025	2025.11.13	5.62	6	5	35	6.226	6	6	37
19296516_A_Croatia_10136RV_2023	20262326_A_Colorado_ISC-1494_2025	2025.11.11	6.596	7	6	30	8.203	8	8	34
19296516_A_Croatia_10136RV_2023	20261837_A_Alaska_82_2025	2025.10.20	6.705	7	6	64	7.307	7	7	73
19296516_A_Croatia_10136RV_2023	20278399_A_Catalonia_NSVH171794172_2025	2025.12.3	5.62	6	5	35	7.234	7	7	38
19296516_A_Croatia_10136RV_2023	20261953_A_Wisconsin_152_2025	2025.11.3	5.676	5	5	63	6.275	6	6	72
19296516_A_Croatia_10136RV_2023	20262725_A_Catalonia_NSVH161522720_2025	2025.11.19	5.676	5	5	63	6.275	6	6	72
19296516_A_Croatia_10136RV_2023	20261957_A_Minnesota_109_2025	2025.10.25	6.731	7	6	64	7.345	7	7	73
19296516_A_Croatia_10136RV_2023	20279652_A_Lisboa_706_2025	2025.11.2	5.622	6	5	35	8.226	8	8	39
19296516_A_Croatia_10136RV_2023	20280416_A_Severomorsk_RII-MH264749S_2025	2025.11.18	5.676	5	5	63	6.271	6	6	72
19296516_A_Croatia_10136RV_2023	20280435_A_Saint-Petersburg_RII-MH264958S_2025	2025.11.26	7.676	7	7	65	6.275	6	6	72
19296516_A_Croatia_10136RV_2023	20280566_A_Saint-Petersburg_RII-25-0699S_2025	2025.11.17	7.667	7	6	62	7.278	7	7	73
19296516_A_Croatia_10136RV_2023	20281628_A_Saskatchewan_SKFLU469190_2025	2025.11.20	5.711	6	5	61	7.338	7	7	73
EPI103320_A_Moscow_10_1999	CY000024_A_New_York_30_2003	2003.12.2	12.169	12	11	17	25.527	25	24	31
EPI103320_A_Moscow_10_1999	CY000040_A_New_York_33_2004	2004.1.9	11.167	11	10	16	25.545	25	24	33
EPI103320_A_Moscow_10_1999	CY000056_A_New_York_35_2003	2003.12.4	12.167	12	11	17	24.537	24	23	32
EPI103320_A_Moscow_10_1999	CY000104_A_New_York_54_2003	2003.12.10	11.167	11	9	16	28.535	28	27	35
EPI103320_A_Moscow_10_1999	CY000144_A_New_York_26_2003	2003.12.2	11.173	11	10	16	22.559	22	21	28
EPI103320_A_Moscow_10_1999	CY000216_A_New_York_91_2002	2002.1.17	11.173	11	10	16	24.39	24	21	32
EPI103320_A_Moscow_10_1999	CY000272_A_New_York_53_2003	2003.12.11	11.173	11	10	16	22.553	22	21	28
EPI103320_A_Moscow_10_1999	CY000352_A_New_York_15_2003	2003.11.12	11.173	11	10	16	21.561	21	20	27
EPI103320_A_Moscow_10_1999	CY000512_A_New_York_4_2003	2003.12.8	12.169	12	11	17	24.533	24	23	30
EPI103320_A_Moscow_10_1999	CY000552_A_New_York_115_2002	2002.2.7	11.199	11	10	16	23.381	23	20	30
EPI103320_A_Moscow_10_1999	CY000768_A_New_York_10_2004	2004.1.30	10.203	10	9	15	24.561	24	23	31
EPI103320_A_Moscow_10_1999	CY000872_A_New_York_193_2003	2003.2.19	10.173	10	9	16	20.28	19	18	37
EPI103320_A_Moscow_10_1999	CY000908_A_New_York_13_2003	2003.11.12	11.165	11	9	16	24.533	24	23	32
EPI103320_A_Moscow_10_1999	CY001036_A_New_York_6_2004	2004.1.6	10.205	10	9	15	24.559	24	23	31
EPI103320_A_Moscow_10_1999	CY001095_A_New_York_24_2003	2003.12.1	12.173	12	11	17	22.553	22	21	28
EPI103320_A_Moscow_10_1999	CY001196_A_New_York_18_2003	2003.12.1	12.169	12	11	17	28.534	28	27	36
EPI103320_A_Moscow_10_1999	CY001300_A_New_York_37_2003	2003.12.4	11.167	11	10	16	24.535	24	23	32
EPI103320_A_Moscow_10_1999	CY001559_A_New_York_215_2003	2003.4.22	11.252	11	10	18	25.547	25	24	32
EPI103320_A_Moscow_10_1999	CY002335_A_New_York_77_2001	2001.12.26	11.199	11	10	16	24.38	24	21	32
EPI103320_A_Moscow_10_1999	CY002351_A_New_York_272_2003	2003.11.28	11.165	11	9	16	24.533	24	23	32
EPI103320_A_Moscow_10_1999	CY003287_A_New_York_438_2000	2000.1.18	2.74	3	2	8	3.436	3	3	19
EPI103320_A_Moscow_10_1999	CY006386_A_New_York_467_2004	2004.9.17	17.197	17	15	22	21.336	21	15	32
EPI103320_A_Moscow_10_1999	CY009267_A_New_York_499_2004	2004.1.15	11.203	11	10	16	24.561	24	23	31
EPI103320_A_Moscow_10_1999	CY013812_A_New_York_C4_2002	2002.2.1	12.197	12	11	17	24.387	24	21	32
EPI103320_A_Moscow_10_1999	CY032968_A_Yucatan_844_2003	2003.3.19	12.209	12	10	17	17.9	18	12	32
EPI103320_A_Moscow_10_1999	CY038574_A_Hong_Kong_HKU2_2004	2004.2.13	13.173	13	12	18	22.565	22	21	28
EPI103320_A_Moscow_10_1999	CY038614_A_Hong_Kong_HKU19_2004	2004.6.1	15.249	15	13	20	21.882	22	14	34
EPI103320_A_Moscow_10_1999	CY038622_A_Hong_Kong_HKU20_2004	2004.6.15	16.201	16	14	21	20.745	21	14	32
EPI103320_A_Moscow_10_1999	CY038638_A_Hong_Kong_HKU29_2004	2004.7.21	16.645	16	14	23	21.894	22	16	34
EPI103320_A_Moscow_10_1999	CY038646_A_Hong_Kong_HKU31_2004	2004.7.30	16.203	16	14	23	22.743	23	16	34
EPI103320_A_Moscow_10_1999	CY038654_A_Hong_Kong_HKU34_2004	2004.8.18	16.197	16	14	21	21.745	22	15	33
EPI103320_A_Moscow_10_1999	CY038950_A_Hong_Kong_HKU4_2004	2004.3.1	14.243	14	12	20	21.958	22	16	34
EPI103320_A_Moscow_10_1999	CY038958_A_Hong_Kong_HKU6_2004	2004.3.6	15.319	15	13	20	20.321	20	14	31
EPI103320_A_Moscow_10_1999	CY038990_A_Hong_Kong_HKU14_2004	2004.4.16	16.321	16	14	21	20.325	20	14	31
EPI103320_A_Moscow_10_1999	CY038998_A_Hong_Kong_HKU15_2004	2004.4.23	16.324	16	14	21	21.329	21	15	32
EPI103320_A_Moscow_10_1999	CY039014_A_Hong_Kong_HKU21_2004	2004.6.19	17.217	17	15	22	22.904	23	17	35
EPI103320_A_Moscow_10_1999	CY039030_A_Hong_Kong_HKU25_2004	2004.7.7	16.197	16	14	21	21.757	22	15	33
EPI103320_A_Moscow_10_1999	CY039038_A_Hong_Kong_HKU30_2004	2004.7.22	16.263	16	14	26	21.93	22	16	52
EPI103320_A_Moscow_10_1999	CY039166_A_Hong_Kong_HKU5_2004	2004.3.4	10.177	10	9	15	24.583	24	23	30
EPI103320_A_Moscow_10_1999	CY039174_A_Hong_Kong_HKU24_2004	2004.7.5	15.323	15	13	20	25.336	25	18	36
EPI103320_A_Moscow_10_1999	CY039494_A_Hong_Kong_HKU1_2004	2004.2.10	15.321	15	13	20	22.328	22	16	33
EPI103320_A_Moscow_10_1999	CY039502_A_Hong_Kong_HKU32_2004	2004.8.2	17.197	17	15	22	22.743	23	16	34
EPI103320_A_Moscow_10_1999	CY040321_A_Hong_Kong_HKU38_2004	2004.9.23	16.199	16	14	21	21.743	22	15	33
EPI103320_A_Moscow_10_1999	CY043751_A_Hong_Kong_HKU28_2004	2004.7.17	16.659	16	14	28	20.932	21	15	55
EPI103320_A_Moscow_10_1999	CY088027_A_England_425_2003	2003.10.29	11.181	11	9	16	28.635	28	27	38
EPI103320_A_Moscow_10_1999	CY088035_A_England_438_2003	2003.11.12	10.169	10	9	15	24.527	24	23	30
EPI103320_A_Moscow_10_1999	CY088115_A_England_467_2003	2003.11.6	11.169	11	10	16	25.531	25	24	31
EPI103320_A_Moscow_10_1999	CY088131_A_Scotland_78_2003	2003.11.7	11.175	11	9	16	26.687	26	25	33
EPI103320_A_Moscow_10_1999	CY088139_A_Scotland_79_2003	2003.11.8	11.169	11	10	16	25.531	25	24	31
EPI103320_A_Moscow_10_1999	CY088187_A_England_944_2003	2003.11.17	11.175	11	9	16	28.629	28	27	35
EPI103320_A_Moscow_10_1999	CY088251_A_England_525_2003	2003.11.27	11.171	11	9	16	30.628	30	29	37
EPI103320_A_Moscow_10_1999	CY088267_A_England_585_2003	2003.11.25	11.169	11	10	16	24.535	24	23	30
EPI103320_A_Moscow_10_1999	CY088275_A_England_487_2003	2003.11.24	11.169	11	10	16	25.535	25	24	31
EPI103320_A_Moscow_10_1999	CY088291_A_England_491_2003	2003.11.24	11.169	11	10	16	24.533	24	23	30
EPI103320_A_Moscow_10_1999	CY088323_A_England_508_2003	2003.11.27	12.169	12	11	17	24.535	24	23	30
EPI103320_A_Moscow_10_1999	CY088339_A_England_957_2003	2003.11.28	11.169	11	10	16	26.547	26	25	32
EPI103320_A_Moscow_10_1999	CY088363_A_England_558_2003	2003.12.5	12.169	12	11	17	25.533	25	24	31
EPI103320_A_Moscow_10_1999	CY088379_A_England_532_2003	2003.11.27	12.169	12	11	17	25.531	25	24	31
EPI103320_A_Moscow_10_1999	CY088387_A_England_522_2003	2003.12.12	12.181	12	10	17	28.635	28	27	38
EPI103320_A_Moscow_10_1999	CY088403_A_England_547_2003	2003.12.18	11.169	11	10	16	25.533	25	24	31
EPI103320_A_Moscow_10_1999	CY090956_A_South_Carolina_NHRC0002_2003	2003.11.13	12.167	12	11	17	26.535	26	25	34
EPI103320_A_Moscow_10_1999	CY091124_A_Missouri_NHRC0002_2004	2004.1.9	12.173	12	11	17	22.574	22	21	28
EPI103320_A_Moscow_10_1999	CY091468_A_California_NHRC0006_2003	2003.12.10	11.173	11	10	16	21.561	21	20	27
EPI103320_A_Moscow_10_1999	CY092216_A_Georgia_NHRC0001_2003	2003.12.5	12.167	12	11	17	25.537	25	24	33
EPI103320_A_Moscow_10_1999	CY107095_A_England_470_2003	2003.11.5	11.171	11	10	16	26.528	26	25	32
EPI103320_A_Moscow_10_1999	CY107111_A_England_516_2003	2003.11.20	11.181	11	9	16	28.635	28	27	38
EPI103320_A_Moscow_10_1999	CY107151_A_England_493_2003	2003.11.23	11.169	11	10	16	24.539	24	23	30
EPI103320_A_Moscow_10_1999	CY107167_A_England_532_2003	2003.11.27	11.169	11	10	16	24.537	24	23	30
EPI103320_A_Moscow_10_1999	CY112948_A_Netherlands_1_2002	2002.1.7	8.181	8	7	14	19.52	19	18	31
EPI103320_A_Moscow_10_1999	CY114324_A_Netherlands_3_2000	2000.1.6	2.787	3	2	8	3.498	3	3	19
EPI103320_A_Moscow_10_1999	CY114340_A_Netherlands_126_2001	2001.3.21	8.947	9	8	15	5.753	5	4	21
EPI103320_A_Moscow_10_1999	EPI358781_A_Fujian_411_2002	2002.7.1	12.207	12	10	17	15.878	16	10	30
EPI103320_A_Moscow_10_1999	EPI367109_A_California_7_2004	2004.9.16	16.197	16	14	21	24.323	24	18	35
EPI103320_A_Moscow_10_1999	KJ855376_A_Mexico_DIF835_2003	2003.7.4	12.207	12	10	17	19.922	20	14	34
EPI103320_A_Moscow_10_1999	KJ855448_A_Mexico_DIF2662_2003	2003.12.15	12.173	12	11	17	21.561	21	20	27
EPI358781_A_Fujian_411_2002	CY002007_A_New_York_359_2005	2005.1.17	12.542	13	5	16	18.93	19	13	25
EPI358781_A_Fujian_411_2002	CY002015_A_New_York_361_2005	2005.2.2	14.543	15	7	18	18.958	19	13	24
EPI358781_A_Fujian_411_2002	CY002079_A_New_York_396_2005	2005.3.4	11.544	12	4	15	17.997	18	12	23
EPI358781_A_Fujian_411_2002	CY002199_A_New_York_366_2004	2004.12.20	14.54	15	7	18	18.95	19	13	26
EPI358781_A_Fujian_411_2002	CY002231_A_New_York_372_2004	2004.12.22	14.54	15	7	18	19.932	20	14	25
EPI358781_A_Fujian_411_2002	CY002255_A_New_York_381_2004	2004.12.28	14.543	15	7	18	18.94	19	13	24
EPI358781_A_Fujian_411_2002	CY002263_A_New_York_383_2004	2004.12.29	11.54	12	4	15	20.916	21	15	26
EPI358781_A_Fujian_411_2002	CY002447_A_New_York_365_2004	2004.12.16	11.54	12	4	15	22.946	23	17	28
EPI358781_A_Fujian_411_2002	CY002463_A_New_York_373_2005	2005.2.22	14.54	15	7	18	18.956	19	13	26
EPI358781_A_Fujian_411_2002	CY002599_A_New_York_377_2004	2004.12.20	14.543	15	7	18	18.944	19	13	24
EPI358781_A_Fujian_411_2002	CY002719_A_New_York_319_2004	2004.11.8	11.54	12	4	15	17.92	18	12	23
EPI358781_A_Fujian_411_2002	CY002791_A_New_York_232_2004	2004.12.9	14.543	15	7	18	19.94	20	14	25
EPI358781_A_Fujian_411_2002	CY003079_A_New_York_123_2004	2004.12.16	14.543	15	7	18	19.938	20	14	25
EPI358781_A_Fujian_411_2002	CY003647_A_New_York_463_2005	2005.2.9	12.54	13	5	16	16.93	17	11	22
EPI358781_A_Fujian_411_2002	CY003671_A_New_York_471_2004	2004.11.8	12.542	13	5	16	17.925	18	12	23
EPI358781_A_Fujian_411_2002	CY006091_A_New_York_465_2005	2005.3.8	14.543	15	7	18	18.96	19	13	24
EPI358781_A_Fujian_411_2002	CY019156_A_New_York_900_2004	2004.12.22	14.54	15	7	18	19.932	20	14	25
EPI358781_A_Fujian_411_2002	CY019164_A_New_York_900_2004	2004.12.22	14.54	15	7	18	19.933	20	14	25
EPI358781_A_Fujian_411_2002	CY019180_A_New_York_905_2004	2004.12.27	14.543	15	7	18	18.94	19	13	24
EPI358781_A_Fujian_411_2002	CY019260_A_New_York_908_2004	2004.12.27	14.543	15	7	18	18.942	19	13	24
EPI358781_A_Fujian_411_2002	CY019300_A_New_York_913_2005	2005.1.10	14.543	15	7	18	19.948	20	14	25
EPI358781_A_Fujian_411_2002	CY019308_A_New_York_918_2005	2005.1.10	14.543	15	7	18	19.95	20	14	25
EPI358781_A_Fujian_411_2002	CY019324_A_New_York_918_2005	2005.1.10	14.543	15	7	18	19.944	20	14	25
EPI358781_A_Fujian_411_2002	CY020540_A_New_York_913_2005	2005.1.10	14.543	15	7	18	19.95	20	14	25
EPI358781_A_Fujian_411_2002	CY038686_A_Hong_Kong_HKU42_2005	2005.1.6	11.574	12	4	15	17.348	18	11	22
EPI358781_A_Fujian_411_2002	CY038702_A_Hong_Kong_HKU62_2005	2005.5.13	12.54	13	5	16	19.347	20	13	24
EPI358781_A_Fujian_411_2002	CY038710_A_Hong_Kong_HKU65_2005	2005.5.17	13.54	14	6	17	16.341	17	10	21
EPI358781_A_Fujian_411_2002	CY038718_A_Hong_Kong_HKU67_2005	2005.5.23	12.54	13	5	16	17.338	18	11	22
EPI358781_A_Fujian_411_2002	CY038734_A_Hong_Kong_HKU69_2005	2005.5.27	12.54	13	5	16	16.341	17	10	21
EPI358781_A_Fujian_411_2002	CY038742_A_Hong_Kong_HKU70_2005	2005.5.30	13.541	14	6	17	16.339	17	10	21
EPI358781_A_Fujian_411_2002	CY038758_A_Hong_Kong_HKU79_2005	2005.7.16	13.542	14	6	17	17.341	18	11	22
EPI358781_A_Fujian_411_2002	CY039054_A_Hong_Kong_HKU40_2004	2004.11.23	11.54	12	4	15	18.336	19	12	23
EPI358781_A_Fujian_411_2002	CY039062_A_Hong_Kong_HKU45_2005	2005.3.7	13.678	14	6	18	17.954	18	12	23
EPI358781_A_Fujian_411_2002	CY039070_A_Hong_Kong_HKU47_2005	2005.3.19	12.54	13	5	16	17.339	18	11	22
EPI358781_A_Fujian_411_2002	CY039214_A_Hong_Kong_HKU58_2005	2005.5.5	12.542	13	5	16	16.341	17	10	21
EPI358781_A_Fujian_411_2002	CY039230_A_Hong_Kong_HKU61_2005	2005.5.11	13.54	14	6	17	17.351	18	11	22
EPI358781_A_Fujian_411_2002	CY039238_A_Hong_Kong_HKU63_2005	2005.5.14	12.542	13	5	16	17.337	18	11	22
EPI358781_A_Fujian_411_2002	CY040329_A_Hong_Kong_HKU52_2005	2005.4.16	12.542	13	5	16	18.349	19	12	23
EPI358781_A_Fujian_411_2002	CY040345_A_Hong_Kong_HKU75_2005	2005.6.17	12.54	13	5	16	17.345	18	11	22
EPI358781_A_Fujian_411_2002	CY040353_A_Hong_Kong_HKU76_2005	2005.6.21	13.541	14	6	17	17.337	18	11	22
EPI358781_A_Fujian_411_2002	CY040361_A_Hong_Kong_HKU77_2005	2005.6.29	13.584	14	6	18	19.332	20	12	24
EPI358781_A_Fujian_411_2002	CY043767_A_Hong_Kong_HKU72_2005	2005.6.1	13.542	14	6	17	19.345	20	13	24
EPI358781_A_Fujian_411_2002	CY043775_A_Hong_Kong_HKU78_2005	2005.7.9	14.54	15	7	18	17.341	18	11	22
EPI358781_A_Fujian_411_2002	CY044404_A_Hong_Kong_HKU73_2005	2005.6.2	13.54	14	6	17	16.343	17	10	21
EPI358781_A_Fujian_411_2002	CY090996_A_South_Carolina_NHRC0001_2005	2005.2.11	11.54	12	4	15	22.922	23	17	28
EPI358781_A_Fujian_411_2002	CY091012_A_Illinois_NHRC0001_2005	2005.4.6	13.54	14	6	17	20.931	21	15	26
EPI358781_A_Fujian_411_2002	CY091140_A_Texas_NHRC0001_2005	2005.2.16	13.544	14	6	17	17	17	11	22
EPI358781_A_Fujian_411_2002	CY091316_A_Hong_Kong_NHRC0001_2005	2005.6.15	12.54	13	5	16	16.339	17	10	21
EPI358781_A_Fujian_411_2002	CY091436_A_California_NHRC0002_2005	2005.2.7	11.668	12	4	16	18.93	19	13	24
EPI358781_A_Fujian_411_2002	CY100575_A_Mexico_InDRE2246_2005	2005.9.11	13.542	14	6	17	17.347	18	11	22
EPI358781_A_Fujian_411_2002	CY112996_A_Netherlands_132_2004	2004.12.4	12.54	13	5	16	15.916	16	10	21
EPI358781_A_Fujian_411_2002	EPI502253_A_Wisconsin_67_2005	2005.1.1	13.542	14	6	17	17.347	18	11	22
EPI358781_A_Fujian_411_2002	KJ855424_A_Mexico_QUE2270_2005	2005.8.11	15.54	16	8	19	16.343	17	10	21
EPI358781_A_Fujian_411_2002	KJ855472_A_Mexico_TLA2227_2005	2005.9.11	13.54	14	6	17	19.345	20	13	24
EPI367109_A_California_7_2004	CY019866_A_New_York_938_2006	2006.3.2	4.61	5	4	9	9.621	9	9	18
EPI367109_A_California_7_2004	CY020372_A_New_York_938_2006	2006.3.2	4.61	5	4	9	9.619	9	9	18
EPI367109_A_California_7_2004	CY091036_A_Illinois_NHRC0002_2005	2005.12.23	1.602	2	1	6	10.615	10	10	19
EPI367109_A_California_7_2004	CY091532_A_California_NHRC0006_2005	2005.12.2	3.017	3	3	4	8.89	9	8	12
EPI367109_A_California_7_2004	CY113004_A_Netherlands_548_2005	2005.12.26	3.604	4	3	8	9.877	10	9	18
EPI367109_A_California_7_2004	CY172198_A_New_York_1001_2005	2005.11.10	2.606	3	2	7	9.622	9	9	18
EPI367109_A_California_7_2004	CY172390_A_New_York_1028_2006	2006.2.20	6.754	7	6	11	13.354	13	13	22
EPI502253_A_Wisconsin_67_2005	CY025428_A_California_UR06_0347_2007	2007.2.19	8.593	8	8	14	6.792	6	5	15
EPI502253_A_Wisconsin_67_2005	CY027570_A_Texas_UR06_0358_2007	2007.2.20	10.587	10	10	16	6.796	6	5	15
EPI502253_A_Wisconsin_67_2005	CY037310_A_Qatar_AF02_2008	2008.1.29	11.589	11	10	17	9.812	9	8	18
EPI502253_A_Wisconsin_67_2005	CY037326_A_Korea_AF05_2008	2008.2.19	10.665	10	10	16	7.826	7	6	16
EPI502253_A_Wisconsin_67_2005	CY039406_A_Taiwan_70002_2007	2007.1.2	7.332	7	7	10	4.059	4	4	6
EPI502253_A_Wisconsin_67_2005	CY039414_A_Taiwan_70113_2007	2007.1.15	6.331	6	6	9	3.065	3	3	6
EPI502253_A_Wisconsin_67_2005	CY040057_A_Taiwan_70307_2007	2007.2.3	7.339	7	7	13	3.076	3	3	12
EPI502253_A_Wisconsin_67_2005	CY040073_A_Taiwan_2361_2007	2007.11.12	9.589	9	9	15	6.8	6	5	15
EPI502253_A_Wisconsin_67_2005	CY040105_A_Taiwan_70120_2008	2008.1.15	8.599	8	8	14	9.8	9	8	18
EPI502253_A_Wisconsin_67_2005	CY044603_A_Boston_40_2008	2008.2.15	10.665	10	10	16	9.821	9	8	18
EPI502253_A_Wisconsin_67_2005	CY044827_A_Boston_88_2008	2008.4.16	11.515	11	10	18	7.813	7	6	16
EPI502253_A_Wisconsin_67_2005	CY113020_A_Netherlands_377_2008	2008.9.27	10.514	10	9	17	7.796	7	6	16
EPI502253_A_Wisconsin_67_2005	CY114404_A_Netherlands_363_2006	2006.12.24	7.56	7	7	12	8.768	8	7	17
EPI502253_A_Wisconsin_67_2005	CY114412_A_Netherlands_69_2007	2007.2.19	10.589	10	10	16	10.825	10	9	19
EPI502253_A_Wisconsin_67_2005	CY114420_A_Netherlands_348_2007	2007.11.6	9.595	9	9	15	11.802	11	10	20
EPI502253_A_Wisconsin_67_2005	CY173286_A_New_York_1155_2008	2008.3.27	10.569	10	10	16	7.798	7	6	16
EPI502253_A_Wisconsin_67_2005	EPI577980_A_Brisbane_10_2007	2007.2.6	9.593	9	9	15	7.803	7	6	16
EPI577980_A_Brisbane_10_2007	CY050611_A_New_York_3018_2009	2009.4.27	5.346	3	3	21	9.895	8	8	22
EPI577980_A_Brisbane_10_2007	CY050731_A_New_York_3143_2009	2009.4.30	6.33	4	4	20	9.881	8	8	21
EPI577980_A_Brisbane_10_2007	CY050795_A_New_York_3491_2009	2009.5.11	5.346	3	3	21	9.895	8	8	22
EPI577980_A_Brisbane_10_2007	CY050827_A_New_York_3738_2009	2009.5.20	5.346	3	3	21	9.897	8	8	22
EPI577980_A_Brisbane_10_2007	CY064830_A_California_VRDL138_2009	2009.4.29	9.362	7	7	23	6.887	5	4	18
EPI577980_A_Brisbane_10_2007	CY067976_A_California_VRDL339_2009	2009.5.4	6.348	4	4	22	8.943	7	7	21
EPI577980_A_Brisbane_10_2007	CY068104_A_California_VRDL368_2009	2009.4.27	6.33	4	4	20	7.891	6	6	19
EPI577980_A_Brisbane_10_2007	CY068208_A_California_VRDL170_2009	2009.4.28	8.364	6	6	22	7.887	6	5	19
EPI577980_A_Brisbane_10_2007	CY068232_A_California_VRDL188_2009	2009.4.29	9.328	7	7	23	3.881	2	2	15
EPI577980_A_Brisbane_10_2007	CY068296_A_California_VRDL247_2009	2009.4.29	8.328	6	6	22	2.883	1	1	14
EPI577980_A_Brisbane_10_2007	CY068336_A_California_VRDL260_2009	2009.5.1	6.33	4	4	20	8.927	7	7	20
EPI577980_A_Brisbane_10_2007	CY068360_A_California_VRDL263_2009	2009.4.30	6.332	4	4	20	10.925	9	9	22
EPI577980_A_Brisbane_10_2007	CY068416_A_California_VRDL277_2009	2009.4.30	5.328	3	3	19	11.893	10	10	21
EPI577980_A_Brisbane_10_2007	CY068480_A_California_VRDL309_2009	2009.5.2	8.36	6	6	18	5.878	4	3	12
EPI577980_A_Brisbane_10_2007	CY068640_A_California_VRDL394_2009	2009.4.28	9.328	7	7	23	3.879	2	2	15
EPI577980_A_Brisbane_10_2007	CY068781_A_California_VRDL205_2009	2009.4.29	9.348	7	7	25	3.895	2	2	16
EPI577980_A_Brisbane_10_2007	CY069322_A_Korea_WRAIR1038P_2009	2009.4.9	6.324	4	4	16	9.928	8	8	16
EPI577980_A_Brisbane_10_2007	CY069426_A_Japan_WRAIR1140P_2009	2009.2.9	5.855	5	3	23	8.571	7	7	22
EPI577980_A_Brisbane_10_2007	CY072221_A_New_York_20343_2010	2010.6.16	8.371	6	6	26	10.925	9	8	26
EPI577980_A_Brisbane_10_2007	CY077432_A_California_VRDL356_2009	2009.6.2	5.346	3	3	21	9.897	8	8	22
EPI577980_A_Brisbane_10_2007	CY084416_A_New_York_3918_2009	2009.6.5	5.346	3	3	21	9.897	8	8	22
EPI577980_A_Brisbane_10_2007	CY089740_A_Boston_40_2009	2009.2.27	8.346	6	6	24	3.895	2	2	16
EPI577980_A_Brisbane_10_2007	CY089756_A_Boston_75_2009	2009.1.16	8.37	6	6	22	6.889	5	4	18
EPI577980_A_Brisbane_10_2007	CY093237_A_South_Korea_WRAIR1171P_2009	2009.1.1	7.349	5	5	23	7.917	6	6	20
EPI577980_A_Brisbane_10_2007	CY093316_A_Kyrgyzstan_WRAIR1256P_2008	2008.12.1	5.324	3	3	15	8.874	7	7	15
EPI577980_A_Brisbane_10_2007	CY093348_A_Kuwait_WRAIR1561P_2009	2009.1.1	6.348	4	4	22	7.997	7	5	20
EPI577980_A_Brisbane_10_2007	CY106599_A_Hong_Kong_H090_671_V10_2009	2009.7.6	8.332	6	6	18	10.908	9	8	17
EPI577980_A_Brisbane_10_2007	CY106647_A_Hong_Kong_H090_689_V22_2009	2009.7.12	6.328	4	4	20	10.883	9	9	22
EPI577980_A_Brisbane_10_2007	CY106655_A_Hong_Kong_H090_692_V10_2009	2009.7.10	7.346	5	5	23	10.895	9	9	23
EPI577980_A_Brisbane_10_2007	CY106703_A_Hong_Kong_H090_714_V10_2009	2009.7.15	6.324	4	4	16	10.876	9	9	17
EPI577980_A_Brisbane_10_2007	CY106735_A_Hong_Kong_H090_720_V31_2009	2009.7.24	8.338	6	6	22	9.939	8	7	21
EPI577980_A_Brisbane_10_2007	CY106743_A_Hong_Kong_H090_724_V10_2009	2009.7.20	5.346	3	3	21	13.896	12	12	26
EPI577980_A_Brisbane_10_2007	CY106751_A_Hong_Kong_H090_724_V20_2009	2009.7.22	5.346	3	3	21	13.898	12	12	26
EPI577980_A_Brisbane_10_2007	CY106791_A_Hong_Kong_H090_733_V10_2009	2009.7.22	7.346	5	5	23	10.897	9	9	23
EPI577980_A_Brisbane_10_2007	CY106847_A_Hong_Kong_H090_739_V22_2009	2009.7.27	8.348	6	6	24	10.895	9	9	23
EPI577980_A_Brisbane_10_2007	CY106863_A_Hong_Kong_H090_739_V33_2009	2009.7.29	8.326	6	6	18	10.876	9	9	17
EPI577980_A_Brisbane_10_2007	CY106871_A_Hong_Kong_H090_741_V10_2009	2009.7.24	6.328	4	4	20	10.881	9	9	22
EPI577980_A_Brisbane_10_2007	CY106879_A_Hong_Kong_H090_747_V10_2009	2009.7.28	6.346	4	4	22	10.895	9	9	23
EPI577980_A_Brisbane_10_2007	CY113028_A_Netherlands_69_2009	2009.1.12	9.362	7	7	23	5.887	4	3	17
EPI577980_A_Brisbane_10_2007	CY113044_A_Netherlands_761_2009	2009.6.25	9.365	7	7	25	7.907	6	5	21
EPI577980_A_Brisbane_10_2007	CY115527_A_Hong_Kong_H090_689_V20_2009	2009.7.12	6.346	4	4	22	10.895	9	9	23
EPI577980_A_Brisbane_10_2007	CY115647_A_Hong_Kong_H090_726_V10_2009	2009.7.20	6.346	4	4	22	10.895	9	9	23
EPI577980_A_Brisbane_10_2007	CY115687_A_Hong_Kong_H090_734_V32_2009	2009.7.27	6.348	4	4	22	12.895	11	11	25
EPI577980_A_Brisbane_10_2007	CY115727_A_Hong_Kong_H090_739_V23_2009	2009.7.27	8.348	6	6	24	10.895	9	9	23
EPI577980_A_Brisbane_10_2007	CY115735_A_Hong_Kong_H090_739_V33_2009	2009.7.29	8.348	6	6	24	10.895	9	9	23
EPI577980_A_Brisbane_10_2007	CY147666_A_Mexico_24013_2008	2008.12.1	5.626	4	4	24	4.326	3	3	16
EPI577980_A_Brisbane_10_2007	EPI577969_A_Perth_16_2009	2009.4.7	5.33	3	3	19	8.934	7	7	20
EPI577980_A_Brisbane_10_2007	HQ664917_A_Nanjing_1655_2010	2010.9.10	11.375	9	9	27	10.961	9	9	23
EPI577980_A_Brisbane_10_2007	HQ664922_A_Nanjing_1654_2010	2010.9.10	15.102	13	9	31	11.848	10	8	26
EPI577980_A_Brisbane_10_2007	HQ664929_A_Nanjing_1663_2010	2010.9.10	10.721	10	8	26	9.077	9	7	21
EPI577980_A_Brisbane_10_2007	KY049985_A_Qinghai_178_2010	2010.3.15	12.353	10	10	24	10.966	9	9	17
EPI577969_A_Perth_16_2009	CY091580_A_Illinois_NHRC0002_2011	2011.1.19	3.696	4	3	12	9.153	9	8	14
EPI577969_A_Perth_16_2009	CY091588_A_California_NHRC0001_2011	2011.1.14	4.688	5	4	24	9.143	9	8	24
EPI577969_A_Perth_16_2009	CY092272_A_California_NHRC0003_2011	2011.1.28	3.712	4	3	23	12.164	12	11	25
EPI577969_A_Perth_16_2009	CY092288_A_California_NHRC0002_2011	2011.1.16	3.708	4	3	17	10.167	10	9	30
EPI577969_A_Perth_16_2009	CY093221_A_District_of_Columbia_WRAIR0300_2010	2010.11.17	5.71	6	5	21	12.315	12	11	20
EPI577969_A_Perth_16_2009	CY093540_A_Mexico_City_WRAIR3579T_2010	2010.12.9	4.688	5	4	13	9.139	9	8	14
EPI577969_A_Perth_16_2009	CY111165_A_Boston_DOA05_2011	2011.1.11	4.7	5	4	13	14.163	14	13	19
EPI577969_A_Perth_16_2009	CY111309_A_Boston_DOA48_2011	2011.2.16	4.696	5	4	20	17.149	17	16	25
EPI577969_A_Perth_16_2009	CY111317_A_Boston_DOA51_2011	2011.2.18	6.692	7	6	22	17.141	17	16	25
EPI577969_A_Perth_16_2009	CY111421_A_Boston_DOA78_2011	2011.3.14	5.7	6	5	14	15.159	15	14	20
EPI577969_A_Perth_16_2009	CY114428_A_Netherlands_063_2011	2011.1.5	7.594	8	5	25	15.194	15	15	30
EPI577969_A_Perth_16_2009	CY114516_A_Netherlands_034_2010	2010.12.23	8.696	9	8	19	15.151	15	14	24
EPI577969_A_Perth_16_2009	CY134520_A_Boston_DOA38_2011	2011.2.12	4.7	5	4	13	13.153	13	12	18
EPI577969_A_Perth_16_2009	CY134568_A_Boston_DOA47_2011	2011.2.14	4.726	5	4	16	11.169	11	10	33
EPI577969_A_Perth_16_2009	CY167515_A_Tennessee_F2018A_2011	2011.1.24	3.686	4	3	23	10.145	10	9	25
EPI577969_A_Perth_16_2009	CY167571_A_Tennessee_F2031A_2011	2011.2.7	4.704	5	4	20	11.155	11	10	19
EPI577969_A_Perth_16_2009	EPI417234_A_Victoria_361_2011	2011.10.24	8.711	9	8	17	20.192	20	19	26
EPI577969_A_Perth_16_2009	EPI556813_A_Texas_50_2012	2012.4.15	7.716	8	7	23	16.173	16	15	24
EPI577969_A_Perth_16_2009	KC882441_A_Iowa_19_2010	2010.12.30	4.7	5	4	13	12.153	12	11	17
EPI577969_A_Perth_16_2009	KC882476_A_Texas_24_2010	2010.12.31	5.677	6	5	21	9.135	9	8	17
EPI577969_A_Perth_16_2009	KC882565_A_New_Jersey_01_2011	2011.1.11	5.715	6	5	18	16.153	16	15	23
EPI577969_A_Perth_16_2009	KC882641_A_Texas_06_2011	2011.2.5	7.701	8	7	27	10.161	10	9	25
EPI577969_A_Perth_16_2009	KC892843_A_Nevada_12_2012	2012.3.30	5.718	6	5	25	15.194	15	14	30
EPI577969_A_Perth_16_2009	KR137644_A_Bethesda_NIH12_2011	2011.2.15	7.723	8	7	23	15.562	16	13	22
EPI577969_A_Perth_16_2009	KT888257_A_Moscow_1514A00504942N_2012	2012.1.19	9.691	10	9	25	14.34	14	13	22
EPI577969_A_Perth_16_2009	KT888258_A_Moscow_1514A00504950T_2012	2012.1.11	6.714	7	6	17	17.155	17	16	26
EPI577969_A_Perth_16_2009	KT888259_A_Moscow_1514A00505149T_2012	2012.4.12	8.695	9	8	17	22.26	22	21	27
EPI577969_A_Perth_16_2009	KT888260_A_Moscow_1514A00505153N_2012	2012.3.23	8.707	9	8	19	22.27	22	21	31
EPI577969_A_Perth_16_2009	KT888261_A_Moscow_1514A00505162N_2012	2012.4.13	8.695	9	8	17	22.262	22	21	27
EPI577969_A_Perth_16_2009	KT888262_A_Mexico_City_1514A00904139N_CP2_2010	2010.12.29	3.704	4	3	19	9.152	9	8	17
EPI577969_A_Perth_16_2009	KT888267_A_Amman_1514A01004462T_2012	2012.1.11	8.704	9	7	17	18.315	18	17	27
EPI577969_A_Perth_16_2009	KT888268_A_Amman_1514A01004465T_2011	2011.12.5	8.704	9	7	17	18.311	18	17	28
EPI577969_A_Perth_16_2009	KT888275_A_Hong_Kong_1514A01704826T_2011	2011.11.15	7.708	8	7	16	17.149	17	16	22
EPI577969_A_Perth_16_2009	KT888279_A_Prague_1514A06404885N_2012	2012.4.12	6.706	7	6	15	18.151	18	17	23
EPI577969_A_Perth_16_2009	KT888281_A_Sarajevo_1514A06604486N_2012	2012.1.11	6.69	7	6	15	13.157	13	12	18
EPI577969_A_Perth_16_2009	KT888283_A_Budapest_1514A07804502N_2011	2011.12.12	7.72	8	7	23	17.156	17	16	25
EPI577969_A_Perth_16_2009	KT888944_A_Yokosuka_SE680_2012	2012.1.24	5.716	6	5	16	16.157	16	15	28
EPI577969_A_Perth_16_2009	KT888945_A_Yokosuka_SE863_2012	2012.2.3	8.705	9	8	17	16.157	16	15	27
EPI577969_A_Perth_16_2009	KT889082_A_Japan_17_2012	2012.1.31	5.718	6	5	16	16.157	16	15	28
EPI577969_A_Perth_16_2009	KT889083_A_Korea_18_2012	2012.1.24	8.716	9	8	24	19.169	19	18	27
EPI577969_A_Perth_16_2009	KT889087_A_Japan_22_2011	2011.12.20	6.73	7	6	22	12.155	12	11	20
EPI577969_A_Perth_16_2009	KT889091_A_Japan_26_2012	2012.3.5	7.715	8	7	16	24.224	24	23	30
EPI577969_A_Perth_16_2009	KT889099_A_Korea_37_2012	2012.1.19	6.706	7	6	15	17.175	17	16	23
EPI577969_A_Perth_16_2009	KT889102_A_Kyrgyzstan_40_2012	2012.1.12	6.706	7	6	15	16.171	16	15	22
EPI577969_A_Perth_16_2009	KT889103_A_Kyrgyzstan_41_2012	2012.1.12	6.714	7	6	22	16.177	16	15	26
EPI577969_A_Perth_16_2009	KT889104_A_Japan_42_2012	2012.1.31	5.682	6	5	12	16.127	16	15	20
EPI577969_A_Perth_16_2009	KT889105_A_Japan_43_2012	2012.2.5	5.713	6	5	21	16.143	16	15	24
EPI577969_A_Perth_16_2009	KT889107_A_Korea_45_2012	2012.1.13	6.715	7	6	22	18.145	18	17	26
EPI577969_A_Perth_16_2009	KT889108_A_Korea_47_2012	2012.1.20	8.697	9	8	28	18.158	18	17	31
EPI577969_A_Perth_16_2009	MK640845_A_China_38887_2012	2012.8.29	10.702	11	10	19	21.172	21	20	26
EPI577969_A_Perth_16_2009	MK640846_A_China_38888_2012	2012.8.29	7.71	8	7	16	20.164	20	19	25
EPI577969_A_Perth_16_2009	MK640847_A_China_39207_2012	2012.9.26	9.706	10	9	18	18.157	18	17	23
EPI577969_A_Perth_16_2009	MK729833_A_New_York_WC_LVD_10_001_2010	2010.11.4	3.699	4	3	19	15.135	15	14	23
EPI577969_A_Perth_16_2009	MK729873_A_New_York_WC_LVD_10_006_2010	2010.12.16	2.01	2	2	4	9.624	10	8	14
EPI417234_A_Victoria_361_2011	CY134779_A_Texas_JMM_8_2012	2012.11.20	8.959	8	8	12	19.134	19	19	23
EPI417234_A_Victoria_361_2011	CY135131_A_Texas_JMM_54_2012	2012.12.6	3.049	3	3	5	8.906	9	8	13
EPI417234_A_Victoria_361_2011	CY148427_A_Boston_DOA2_112_2012	2012.12.4	3.051	3	3	5	6.907	7	6	11
EPI417234_A_Victoria_361_2011	CY148547_A_Boston_DOA2_128_2012	2012.12.18	2.102	2	2	22	6.94	7	6	34
EPI417234_A_Victoria_361_2011	CY148707_A_Boston_DOA2_149_2013	2013.1.9	3.058	3	3	5	9.911	10	9	14
EPI417234_A_Victoria_361_2011	CY148787_A_Boston_DOA2_161_2013	2013.1.2	2.056	2	2	5	6.925	7	6	11
EPI417234_A_Victoria_361_2011	CY148923_A_Boston_DOA2_180_2013	2013.1.13	2.051	2	2	4	7.913	8	7	12
EPI417234_A_Victoria_361_2011	CY149131_A_Boston_DOA2_218_2013	2013.1.15	2.049	2	2	4	7.907	8	7	12
EPI417234_A_Victoria_361_2011	CY149323_A_Boston_DOA2_245_2013	2013.1.25	2.079	2	2	30	5.963	6	5	35
EPI417234_A_Victoria_361_2011	CY167934_A_Boston_YGA_00008_2012	2012.12.19	2.083	2	2	30	6.949	7	6	36
EPI417234_A_Victoria_361_2011	CY168094_A_Boston_YGA_00035_2013	2013.1.10	3.083	3	3	31	7.959	8	7	37
EPI417234_A_Victoria_361_2011	CY168238_A_Boston_YGA_00054_2013	2013.1.24	3.058	3	3	5	7.919	8	7	12
EPI417234_A_Victoria_361_2011	CY168846_A_Boston_YGA_01045_2012	2012.12.25	8.971	8	8	22	23.138	23	23	33
EPI417234_A_Victoria_361_2011	CY168878_A_Boston_YGA_01049_2012	2012.12.26	3.049	3	3	5	8.906	9	8	13
EPI417234_A_Victoria_361_2011	CY169366_A_Boston_YGA_01115_2013	2013.1.1	3.049	3	3	5	7.921	8	7	12
EPI417234_A_Victoria_361_2011	CY169798_A_Boston_YGA_01173_2013	2013.1.17	2.052	2	2	5	7.911	8	7	12
EPI417234_A_Victoria_361_2011	CY169878_A_Boston_YGA_01186_2013	2013.1.21	2.056	2	2	5	9.933	10	9	15
EPI417234_A_Victoria_361_2011	CY170126_A_Boston_YGA_02003_2012	2012.12.17	2.049	2	2	4	5.901	6	5	10
EPI417234_A_Victoria_361_2011	CY170350_A_Boston_YGA_02039_2013	2013.1.19	5.053	5	5	7	8.963	9	8	14
EPI417234_A_Victoria_361_2011	CY170574_A_Santa_Clara_YGA_03016_2013	2013.1.17	2.051	2	2	4	8.916	9	8	13
EPI417234_A_Victoria_361_2011	CY170998_A_Santa_Clara_YGA_03074_2013	2013.1.8	2.076	2	2	22	10.952	11	10	38
EPI417234_A_Victoria_361_2011	CY171246_A_Chicago_YGA_04053_2012	2012.12.18	3.049	3	3	5	10.902	11	10	15
EPI417234_A_Victoria_361_2011	CY171270_A_Chicago_YGA_04056_2012	2012.12.18	2.051	2	2	4	7.906	8	7	12
EPI417234_A_Victoria_361_2011	CY171342_A_Chicago_YGA_04090_2012	2012.12.26	3.052	3	3	6	7.912	8	7	12
EPI417234_A_Victoria_361_2011	CY171406_A_Chicago_YGA_04102_2012	2012.12.27	3.049	3	3	5	10.908	11	10	16
EPI417234_A_Victoria_361_2011	CY171638_A_Chicago_YGA_04135_2013	2013.1.3	3.049	3	3	5	10.91	11	10	16
EPI417234_A_Victoria_361_2011	CY171734_A_Chicago_YGA_04198_2013	2013.1.23	8.959	8	8	12	18.632	18	18	23
EPI417234_A_Victoria_361_2011	CY182800_A_Houston_JMM_74_2012	2012.12.15	2.051	2	2	4	8.903	9	8	13
EPI417234_A_Victoria_361_2011	CY182848_A_Houston_JMM_80_2012	2012.12.18	3.051	3	3	5	8.903	9	8	13
EPI417234_A_Victoria_361_2011	CY182880_A_Houston_JMM_85_2012	2012.12.19	4.049	4	4	6	7.912	8	7	12
EPI417234_A_Victoria_361_2011	CY182960_A_Houston_JMM_96_2012	2012.12.29	2.051	2	2	4	8.903	9	8	13
EPI417234_A_Victoria_361_2011	CY183136_A_Houston_JMM_120_2013	2013.1.8	3.061	3	3	5	9.934	10	9	14
EPI417234_A_Victoria_361_2011	CY207362_A_New_York_WC_LVD_14_073_2014	2014.12.3	7.056	7	7	9	9.943	10	9	14
EPI417234_A_Victoria_361_2011	CY207634_A_New_York_WC_LVD_14_094_2014	2014.12.26	8.078	8	8	12	16.52	16	15	21
EPI417234_A_Victoria_361_2011	CY207882_A_New_York_WC_LVD_14_097_2014	2014.11.10	6.078	6	6	26	8.952	9	8	36
EPI417234_A_Victoria_361_2011	EPI614441_A_Switzerland_9715293_2013	2013.12.6	4.092	4	4	36	13.979	14	13	48
EPI417234_A_Victoria_361_2011	KF034876_A_Suzhou_1275_2013	2013.4.4	2.058	2	2	8	10.979	11	10	26
EPI417234_A_Victoria_361_2011	KR057629_A_Hawaii_39_2014	2014.8.13	10.976	10	8	15	19.625	20	19	23
EPI417234_A_Victoria_361_2011	KR057691_A_California_18_2014	2014.8.8	5.064	5	5	7	11.956	12	11	17
EPI417234_A_Victoria_361_2011	KT835748_A_Maryland_02_2015	2015.1.24	5.064	5	5	7	8.934	9	8	13
EPI417234_A_Victoria_361_2011	KT835964_A_California_20_2015	2015.1.20	7.094	7	7	35	15.014	15	14	44
EPI417234_A_Victoria_361_2011	KT836015_A_North_Carolina_25_2015	2015.1.25	5.08	5	5	25	9.958	10	9	37
EPI417234_A_Victoria_361_2011	KT836198_A_North_Carolina_03_2015	2015.1.20	6.062	6	6	8	12.943	13	12	17
EPI417234_A_Victoria_361_2011	KT836316_A_West_Virginia_07_2015	2015.1.25	5.057	5	5	7	12.941	13	12	17
EPI417234_A_Victoria_361_2011	KT836426_A_Iowa_12_2015	2015.1.30	6.058	6	6	8	8.933	9	8	13
EPI417234_A_Victoria_361_2011	KT837113_A_California_19_2014	2014.9.4	5.058	5	5	7	11.933	12	11	16
EPI417234_A_Victoria_361_2011	KT837844_A_Colorado_15_2014	2014.10.4	5.058	5	5	7	11.933	12	11	16
EPI417234_A_Victoria_361_2011	KT837873_A_Mississippi_05_2014	2014.10.14	6.058	6	6	8	8.925	9	8	13
EPI417234_A_Victoria_361_2011	KT838103_A_Maryland_28_2014	2014.10.14	6.078	6	6	26	8.958	9	8	36
EPI417234_A_Victoria_361_2011	KT838296_A_Minnesota_28_2014	2014.10.18	8.059	8	8	11	9.927	10	9	14
EPI417234_A_Victoria_361_2011	KT838328_A_Louisiana_11_2014	2014.10.21	7.064	7	7	10	14.976	15	14	19
EPI417234_A_Victoria_361_2011	KT838891_A_Georgia_04_2014	2014.11.20	5.055	5	5	7	8.929	9	8	13
EPI417234_A_Victoria_361_2011	KT838993_A_Missouri_11_2014	2014.11.18	7.061	7	7	10	14.974	15	14	19
EPI417234_A_Victoria_361_2011	KT839062_A_Texas_62_2014	2014.11.3	5.075	5	5	25	12.953	13	12	40
EPI417234_A_Victoria_361_2011	KT839395_A_Pennsylvania_49_2014	2014.11.28	6.059	6	6	10	11.931	12	11	16
EPI417234_A_Victoria_361_2011	KT839657_A_Alabama_10_2014	2014.12.4	6.062	6	6	8	14.941	15	14	19
EPI417234_A_Victoria_361_2011	KT840076_A_Tennessee_15_2014	2014.12.9	6.058	6	6	8	10.929	11	10	15
EPI417234_A_Victoria_361_2011	KT840285_A_Virginia_37_2014	2014.12.5	6.058	6	6	8	11.933	12	11	16
EPI417234_A_Victoria_361_2011	KT840798_A_Massachusetts_23_2014	2014.12.14	7.075	7	7	27	10.966	11	10	38
EPI417234_A_Victoria_361_2011	KT840865_A_Washington_60_2014	2014.12.23	12.018	12	11	16	14.592	15	13	18
EPI417234_A_Victoria_361_2011	KT841078_A_California_43_2014	2014.12.23	7.082	7	7	10	9.943	10	9	14
EPI417234_A_Victoria_361_2011	KT841228_A_North_Carolina_06_2015	2015.1.7	8.06	8	8	10	15.984	16	15	20
EPI417234_A_Victoria_361_2011	KT841571_A_Rhode_Island_05_2015	2015.1.7	8.056	8	8	10	9.945	10	9	14
EPI417234_A_Victoria_361_2011	KT841585_A_South_Dakota_01_2015	2015.1.5	6.085	6	6	34	11.965	12	11	41
EPI417234_A_Victoria_361_2011	KT841691_A_Kentucky_01_2015	2015.1.1	5.058	5	5	7	12.935	13	12	17
EPI417234_A_Victoria_361_2011	KT841712_A_Wisconsin_02_2015	2015.1.6	7.06	7	7	9	13.932	14	13	18
EPI417234_A_Victoria_361_2011	KT842043_A_Indiana_13_2015	2015.2.17	5.064	5	5	7	10.935	11	10	15
EPI417234_A_Victoria_361_2011	KT842079_A_Pennsylvania_05_2015	2015.2.6	7.08	7	7	10	11.944	12	11	16
EPI417234_A_Victoria_361_2011	KT842218_A_Delaware_18_2015	2015.2.23	6.084	6	6	26	9.97	10	9	37
EPI417234_A_Victoria_361_2011	KT842837_A_South_Dakota_35_2015	2015.3.14	9.069	9	9	11	12.976	13	11	17
EPI417234_A_Victoria_361_2011	KT842864_A_North_Dakota_06_2015	2015.3.8	6.058	6	6	8	12.953	13	12	17
EPI417234_A_Victoria_361_2011	KT843589_A_Iowa_34_2015	2015.7.30	7.076	7	7	27	9.973	10	9	37
EPI417234_A_Victoria_361_2011	KT843646_A_Alaska_26_2015	2015.6.14	7.056	7	7	9	14.953	15	14	20
EPI417234_A_Victoria_361_2011	KT843896_A_Ohio_26_2015	2015.8.17	7.056	7	7	9	12.948	13	12	17
EPI417234_A_Victoria_361_2011	KT844012_A_Iowa_28_2015	2015.7.30	7.056	7	7	9	9.943	10	9	14
EPI417234_A_Victoria_361_2011	KT844048_A_Washington_36_2015	2015.5.10	6.056	6	6	8	12.943	13	12	17
EPI417234_A_Victoria_361_2011	KT844075_A_Alaska_69_2015	2015.6.26	7.075	7	7	27	9.969	10	9	37
EPI417234_A_Victoria_361_2011	KT888272_A_Kabul_1514A01305430N_2013	2013.1.7	4.089	4	4	32	11.968	12	11	41
EPI417234_A_Victoria_361_2011	KT888276_A_Taipei_1514A02605215N_2013	2013.5.7	3.053	3	3	5	7.923	8	7	12
EPI417234_A_Victoria_361_2011	KT888277_A_Taipei_1514A02605215T_2013	2013.5.7	3.053	3	3	5	7.923	8	7	12
EPI417234_A_Victoria_361_2011	KT888280_A_Pristina_1514A06505401N_2013	2013.2.6	3.049	3	3	5	7.919	8	7	12
EPI417234_A_Victoria_361_2011	KT888284_A_Budapest_1514A07805419T_2013	2013.2.5	5.059	5	5	8	10.942	11	10	16
EPI417234_A_Victoria_361_2011	KT888285_A_Budapest_1514A07805832T_2013	2013.2.6	5.059	5	5	8	11.934	12	11	16
EPI417234_A_Victoria_361_2011	KU589864_A_New_Hampshire_40_2015	2015.9.14	5.057	5	5	7	15.513	15	14	20
EPI417234_A_Victoria_361_2011	KU590701_A_Ohio_28_2015	2015.9.17	7.083	7	7	35	9.969	10	9	39
EPI417234_A_Victoria_361_2011	KY116931_A_Alaska_232_2015	2015.9.9	9.057	9	9	11	11.953	12	11	16
EPI417234_A_Victoria_361_2011	KY487521_A_Columbia_P0079_2014	2014.12.25	6.058	6	6	8	9.923	10	9	14
EPI417234_A_Victoria_361_2011	KY509828_A_Seoul_1595_2015	2015.9.14	9.059	9	9	11	12.949	13	12	17
EPI417234_A_Victoria_361_2011	KY615536_A_Columbia_P0112_2014	2014.12.27	5.084	5	5	25	11.96	12	11	37
EPI417234_A_Victoria_361_2011	KY681484_A_Saudi_Arabia_07_2014	2014.10.4	7.072	7	7	11	15.535	15	14	23
EPI417234_A_Victoria_361_2011	KY681500_A_Saudi_Arabia_28_2015	2015.9.25	8.075	8	8	28	10.967	11	10	38
EPI417234_A_Victoria_361_2011	LC032870_A_Kyoto_13K025_2014	2014.2.5	9.011	8.5	6	13	12.578	13	12	16
EPI417234_A_Victoria_361_2011	LC032886_A_Kyoto_13K054_2014	2014.2.13	6.057	6	6	8	10.965	11	10	19
EPI417234_A_Victoria_361_2011	LC032990_A_Hokkaido_13H009_2014	2014.1.14	11.012	10.5	8	15	12.58	13	12	15
EPI417234_A_Victoria_361_2011	LC033126_A_Niigata_13F024_2014	2014.1.31	4.077	4	4	24	13.969	14	13	41
EPI417234_A_Victoria_361_2011	LC033134_A_Niigata_13F335_2014	2014.3.3	15.486	16	12	19	12.085	12	9	18
EPI417234_A_Victoria_361_2011	LC033302_A_Nagasaki_13N004_2014	2014.1.2	6.105	6	6	34	14.012	14	13	43
EPI417234_A_Victoria_361_2011	LC033310_A_Nagasaki_13N007_2014	2014.1.13	4.055	4	4	6	11.951	12	11	17
EPI417234_A_Victoria_361_2011	LC033326_A_Nagasaki_13N046_2014	2014.1.30	5.057	5	5	7	8.952	9	8	13
EPI417234_A_Victoria_361_2011	MK640848_A_China_41303_2012	2012.12.24	2.049	2	2	4	6.905	7	6	11
EPI417234_A_Victoria_361_2011	MK640849_A_China_41304_2012	2012.12.24	5.049	5	5	7	5.909	6	5	10
EPI417234_A_Victoria_361_2011	MK640850_A_China_41678_2013	2013.1.5	3.051	3	3	5	7.911	8	7	12
EPI417234_A_Victoria_361_2011	MK640851_A_China_41691_2013	2013.1.5	3.08	3	3	29	9.993	10	9	41
EPI417234_A_Victoria_361_2011	MK640852_A_China_44381_2013	2013.4.9	4.089	4	4	32	9.979	10	9	39
EPI417234_A_Victoria_361_2011	MK640853_A_China_51045_2013	2013.12.29	5.055	5	5	7	11.93	12	11	16
EPI417234_A_Victoria_361_2011	MK640854_A_China_51323_2014	2014.1.6	4.055	4	4	6	9.957	10	9	15
EPI417234_A_Victoria_361_2011	MK640855_A_China_51340_2014	2014.1.6	4.089	4	4	32	10.009	10	9	41
EPI417234_A_Victoria_361_2011	MK640856_A_China_55254_2014	2014.5.8	7.059	7	7	9	14.945	15	14	19
EPI417234_A_Victoria_361_2011	MK640857_A_China_55312_2014	2014.5.13	5.057	5	5	7	17.961	18	17	24
EPI417234_A_Victoria_361_2011	MK640859_A_China_59100_2014	2014.11.14	5.681	5	5	9	16.967	17	16	21
EPI417234_A_Victoria_361_2011	MK640865_A_China_60938_2014	2014.12.9	7.058	7	7	9	15.946	16	15	20
EPI417234_A_Victoria_361_2011	MK640867_A_China_J7525_2014	2014.12.9	5.094	5	5	37	17.993	18	17	52
EPI417234_A_Victoria_361_2011	MK640868_A_China_J7506_2014	2014.12.9	7.057	7	7	9	13.94	14	13	18
EPI417234_A_Victoria_361_2011	MK640871_A_China_60701_2014	2014.12.11	6.094	6	6	38	17.024	17	16	51
EPI417234_A_Victoria_361_2011	MK640877_A_China_61248_2014	2014.12.16	4.057	4	4	6	17.952	18	17	22
EPI417234_A_Victoria_361_2011	MK640878_A_China_61391_2014	2014.12.18	6.058	6	6	8	10.937	11	10	15
EPI417234_A_Victoria_361_2011	MK640879_A_China_61007_2014	2014.12.18	6.094	6	6	38	15.983	16	15	50
EPI417234_A_Victoria_361_2011	MK640881_A_China_60736_2014	2014.12.18	6.061	6	6	8	15.947	16	15	20
EPI417234_A_Victoria_361_2011	MK640882_A_China_60786_2014	2014.12.18	8.059	8	8	10	15.95	16	15	20
EPI417234_A_Victoria_361_2011	MK640885_A_China_61309_2014	2014.12.18	5.057	5	5	7	14.953	15	14	19
EPI417234_A_Victoria_361_2011	MK640887_A_China_61520_2014	2014.12.19	6.094	6	6	38	13.988	14	13	48
EPI417234_A_Victoria_361_2011	MK640892_A_China_61481_2014	2014.12.23	5.092	5	5	37	18.005	18	17	52
EPI417234_A_Victoria_361_2011	MK640894_A_China_62885_2015	2015.1.27	5.065	5	5	7	19.173	19	18	24
EPI417234_A_Victoria_361_2011	MK640895_A_China_62889_2015	2015.1.27	6.088	6	5	30	14.987	15	14	44
EPI417234_A_Victoria_361_2011	MK640896_A_China_62895_2015	2015.1.27	6.061	6	6	8	14.986	15	14	19
EPI417234_A_Victoria_361_2011	MK640897_A_China_63513_2015	2015.2.17	8.563	9	8	11	16.478	16	15	20
EPI417234_A_Victoria_361_2011	MK640899_A_China_66886_2015	2015.7.22	9.061	9	9	11	13.957	14	13	18
EPI417234_A_Victoria_361_2011	MK640901_A_China_67013_2015	2015.8.24	8.084	8	8	36	11.983	12	11	41
EPI417234_A_Victoria_361_2011	MK730233_A_New_York_WC_LVD_12_051_2012	2012.10.5	4.07	4	4	24	6.996	7	6	34
EPI417234_A_Victoria_361_2011	MK730273_A_New_York_WC_LVD_12_057_2012	2012.12.7	4.05	4	4	6	7.907	8	7	12
EPI417234_A_Victoria_361_2011	MK730497_A_New_York_WC_LVD_12_086_2012	2012.12.17	3.075	3	3	23	7.943	8	7	33
EPI417234_A_Victoria_361_2011	MK817973_A_Maryland_178_5D_2013	2013.2.7	2.051	2	2	5	12.931	13	12	17
EPI417234_A_Victoria_361_2011	MK818117_A_Maryland_63_5D_2013	2013.1.11	2.048	2	2	4	11.924	12	11	16
EPI417234_A_Victoria_361_2011	MK969839_A_Maryland_127_17D_2013	2013.2.4	2.055	2	2	8	8.927	9	8	24
EPI417234_A_Victoria_361_2011	MK970023_A_Maryland_22_1_2012	2012.12.12	2.048	2	2	4	11.907	12	11	16
EPI614441_A_Switzerland_9715293_2013	CY208845_A_Texas_182_2016	2016.8.31	6.835	7	6	42	11.947	12	11	54
EPI614441_A_Switzerland_9715293_2013	CY264049_A_Arizona_67_2016	2016.5.4	7.824	8	7	41	12.922	13	12	51
EPI614441_A_Switzerland_9715293_2013	EPI686117_A_Hong_Kong_15611_2015	2015.10.19	7.822	8	7	41	11.91	12	11	50
EPI614441_A_Switzerland_9715293_2013	KU591160_A_Hawaii_68_2015	2015.10.5	6.823	7	6	40	12.902	13	12	51
EPI614441_A_Switzerland_9715293_2013	KU592163_A_Hawaii_74_2015	2015.10.9	5.623	5	4	38	11.904	12	11	50
EPI614441_A_Switzerland_9715293_2013	KU592184_A_South_Dakota_39_2015	2015.10.13	6.823	7	6	40	8.906	9	8	47
EPI614441_A_Switzerland_9715293_2013	KX412042_A_Iowa_45_2015	2015.10.22	4.825	5	4	38	13.892	14	13	54
EPI614441_A_Switzerland_9715293_2013	KX413283_A_Georgia_40_2016	2016.3.6	9.06	9	8	41	15.426	15	15	52
EPI614441_A_Switzerland_9715293_2013	KX414582_A_Washington_26_2016	2016.1.19	6.831	7	6	42	9.908	10	9	48
EPI614441_A_Switzerland_9715293_2013	KX416117_A_Washington_47_2016	2016.3.14	6.623	6	5	41	9.922	10	9	50
EPI614441_A_Switzerland_9715293_2013	KX416429_A_Hawaii_28_2016	2016.2.29	7.827	8	7	41	11.962	12	11	50
EPI614441_A_Switzerland_9715293_2013	KX416829_A_Washington_55_2016	2016.4.12	7.06	7	6	39	14.416	14	14	54
EPI614441_A_Switzerland_9715293_2013	KX417005_A_Texas_136_2016	2016.4.22	8.058	8	7	40	13.388	13	13	48
EPI614441_A_Switzerland_9715293_2013	KX916993_A_California_12_2016	2016.1.12	8.829	9	8	44	8.908	9	8	47
EPI614441_A_Switzerland_9715293_2013	KX918281_A_Kentucky_26_2016	2016.4.25	9.062	9	8	43	17.41	17	17	52
EPI614441_A_Switzerland_9715293_2013	KY115915_A_Nebraska_24_2016	2016.9.19	6.833	7	6	40	12.908	13	12	49
EPI614441_A_Switzerland_9715293_2013	KY487603_A_Taipei_0020_2016	2016.1.5	9.83	10	9	43	11.922	12	11	50
EPI614441_A_Switzerland_9715293_2013	KY487612_A_Linkou_0081_2016	2016.1.26	8.865	9	8	42	17.012	17	16	56
EPI614441_A_Switzerland_9715293_2013	KY509826_A_Chungbuk_107_2016	2016.1.18	9.826	10	9	43	10.916	11	10	49
EPI614441_A_Switzerland_9715293_2013	KY509827_A_Gyeonggi_458_2016	2016.2.22	13.822	14	13	47	10.914	11	10	49
EPI614441_A_Switzerland_9715293_2013	KY615384_A_Keelung_0026_2016	2016.1.15	7.631	7	6	40	11.937	12	11	50
EPI614441_A_Switzerland_9715293_2013	KY615571_A_Taipei_0011_2015	2015.12.24	4.829	5	4	38	8.903	9	8	47
EPI614441_A_Switzerland_9715293_2013	MG984174_A_Shanghai_1_2016	2016.9.14	8.827	9	8	40	12.913	13	12	53
EPI614441_A_Switzerland_9715293_2013	MK640903_A_China_70219_2015	2015.12.25	7.822	8	7	41	13.929	14	13	54
EPI614441_A_Switzerland_9715293_2013	MK640906_A_China_71516_2016	2016.1.25	8.824	9	8	42	10.912	11	10	49
EPI686117_A_Hong_Kong_15611_2015	1444950_A_Chepstow_1180_2019	2019.3.25	7.656	8	7	41	8.13	8	8	48
EPI686117_A_Hong_Kong_15611_2015	1448200_A_Louisiana_34_2019	2019.4.24	9.756	10	9	46	9.113	9	9	53
EPI686117_A_Hong_Kong_15611_2015	1479371_A_Hawaii_31_2019	2019.4.17	10.512	11	10	13	12.037	12	12	14
EPI686117_A_Hong_Kong_15611_2015	1548016_A_Cheboksary_153_2019	2019.3.18	6.658	7	6	40	6.132	6	6	46
EPI686117_A_Hong_Kong_15611_2015	1548064_A_Tomsk_155_2019	2019.3.11	9.781	10	9	23	10.288	10	10	23
EPI686117_A_Hong_Kong_15611_2015	1548211_A_Mexico_1952_2019	2019.5.7	10.51	11	10	13	9.031	9	9	11
EPI686117_A_Hong_Kong_15611_2015	1592032_A_Hong_Kong_2671_2019	2019.6.11	5.614	6	5	19	8.066	8	8	21
EPI686117_A_Hong_Kong_15611_2015	1597372_A_Louisiana_39_2019	2019.8.25	9.66	10	9	43	5.142	5	5	45
EPI686117_A_Hong_Kong_15611_2015	1609436_A_El_Salvador_517_2019	2019.7.30	10.521	10.5	10	23	12.039	12	11	23
EPI686117_A_Hong_Kong_15611_2015	1609444_A_Hawaii_64_2019	2019.9.15	7.656	8	7	41	9.13	9	9	49
EPI686117_A_Hong_Kong_15611_2015	1808226_A_Jiangxi_Zhanggong_1512_2019	2019.6.11	7.649	8	7	22	10.11	10	10	28
EPI686117_A_Hong_Kong_15611_2015	CY210604_A_Idaho_41_2016	2016.11.22	1.502	1	1	16	3.063	3	3	21
EPI686117_A_Hong_Kong_15611_2015	CY211583_A_California_129_2016	2016.10.5	2.432	2	2	16	2.025	2	2	11
EPI686117_A_Hong_Kong_15611_2015	CY212631_A_Nevada_55_2016	2016.12.8	1.077	1	1	33	4.731	5	4	44
EPI686117_A_Hong_Kong_15611_2015	CY212887_A_California_184_2016	2016.12.13	2.503	3	2	4	5.013	5	5	7
EPI686117_A_Hong_Kong_15611_2015	CY212895_A_California_187_2016	2016.12.14	12.021	12	11	14	16.369	16	16	23
EPI686117_A_Hong_Kong_15611_2015	CY213847_A_Minnesota_76_2016	2016.10.25	3.461	3	3	16	8.052	8	8	20
EPI686117_A_Hong_Kong_15611_2015	CY214207_A_Hawaii_103_2016	2016.12.7	3.491	3	3	33	8.088	8	8	44
EPI686117_A_Hong_Kong_15611_2015	CY214479_A_Maryland_31_2016	2016.12.19	2.499	2	2	4	2.018	2	2	4
EPI686117_A_Hong_Kong_15611_2015	CY214567_A_West_Virginia_01_2017	2017.1.3	3.519	3	3	21	2.031	2	2	23
EPI686117_A_Hong_Kong_15611_2015	CY214879_A_California_214_2016	2016.12.31	1.43	1	1	13	3.017	3	3	12
EPI686117_A_Hong_Kong_15611_2015	CY218123_A_Wisconsin_08_2017	2017.1.13	2.504	2	2	14	7.029	7	7	16
EPI686117_A_Hong_Kong_15611_2015	CY220132_A_Texas_32_2017	2017.1.31	3.005	3	3	5	4.654	5	4	7
EPI686117_A_Hong_Kong_15611_2015	CY220180_A_New_Jersey_07_2017	2017.1.30	2.554	2	2	17	1.21	1	1	19
EPI686117_A_Hong_Kong_15611_2015	CY220548_A_Alabama_06_2017	2017.2.7	1.009	1	1	3	5.652	6	5	8
EPI686117_A_Hong_Kong_15611_2015	CY221923_A_Texas_47_2017	2017.2.13	2.503	2	2	5	1.14	1	1	5
EPI686117_A_Hong_Kong_15611_2015	CY223218_A_New_Mexico_11_2017	2017.2.28	1.017	1	1	11	3.991	4	3	12
EPI686117_A_Hong_Kong_15611_2015	CY223691_A_Maryland_10_2017	2017.1.31	3.503	3	3	6	1.148	1	1	5
EPI686117_A_Hong_Kong_15611_2015	CY223707_A_Ohio_05_2017	2017.2.7	8.551	8	8	38	14.435	14	13	48
EPI686117_A_Hong_Kong_15611_2015	CY223731_A_Florida_10_2017	2017.2.8	5.018	5	3	14	11.073	11	10	19
EPI686117_A_Hong_Kong_15611_2015	CY223739_A_Florida_11_2017	2017.2.13	8.497	8	8	16	11.066	11	10	16
EPI686117_A_Hong_Kong_15611_2015	CY224883_A_Arizona_06_2017	2017.1.31	3.524	3	3	37	4.066	4	4	44
EPI686117_A_Hong_Kong_15611_2015	CY225075_A_Georgia_06_2017	2017.2.15	3.054	3	2	17	12.105	12	11	29
EPI686117_A_Hong_Kong_15611_2015	CY227443_A_Vermont_08_2017	2017.3.2	4.496	4	4	7	6.028	6	6	8
EPI686117_A_Hong_Kong_15611_2015	CY227899_A_Delaware_19_2017	2017.3.21	11.798	12	11	14	16.969	17	16	21
EPI686117_A_Hong_Kong_15611_2015	CY228314_A_South_Dakota_11_2017	2017.2.13	7.503	7	7	18	11.396	11	10	23
EPI686117_A_Hong_Kong_15611_2015	CY228698_A_Wisconsin_39_2017	2017.3.19	2.025	2	1	11	12.041	12	11	18
EPI686117_A_Hong_Kong_15611_2015	CY228730_A_Arkansas_18_2017	2017.3.19	4.553	4	4	19	4.083	4	4	22
EPI686117_A_Hong_Kong_15611_2015	CY230042_A_Michigan_30_2017	2017.2.27	3.052	3	2	17	8.085	8	7	25
EPI686117_A_Hong_Kong_15611_2015	CY230282_A_Tennessee_21_2017	2017.2.20	2.025	2	1	11	14.045	14	13	20
EPI686117_A_Hong_Kong_15611_2015	CY230438_A_Delaware_19_2017	2017.3.21	11.825	12	11	37	17.005	17	16	50
EPI686117_A_Hong_Kong_15611_2015	CY230551_A_West_Virginia_09_2017	2017.2.13	4.075	4	4	36	6.739	7	6	46
EPI686117_A_Hong_Kong_15611_2015	CY230855_A_Oregon_14_2017	2017.2.28	1.522	1	1	13	9.034	9	9	18
EPI686117_A_Hong_Kong_15611_2015	CY232473_A_Florida_34_2017	2017.4.9	13.796	14	13	16	18.025	18	17	23
EPI686117_A_Hong_Kong_15611_2015	CY232567_A_North_Carolina_27_2017	2017.4.5	5.057	5	4	19	12.091	12	11	29
EPI686117_A_Hong_Kong_15611_2015	CY235613_A_Washington_40_2017	2017.4.17	2.06	2	1	16	13.078	13	12	28
EPI686117_A_Hong_Kong_15611_2015	CY235685_A_Nevada_12_2017	2017.4.25	3.52	3	3	18	3.05	3	3	19
EPI686117_A_Hong_Kong_15611_2015	CY242099_A_Florida_29_2017	2017.1.7	1.058	1	1	16	4.706	5	4	22
EPI686117_A_Hong_Kong_15611_2015	CY242347_A_Florida_50_2017	2017.7.26	2.06	2	2	17	7.722	8	7	25
EPI686117_A_Hong_Kong_15611_2015	CY243548_A_Alaska_30_2017	2017.6.18	3.506	3	3	17	4.032	4	4	13
EPI686117_A_Hong_Kong_15611_2015	CY243675_A_Alaska_46_2017	2017.7.31	3.519	3	3	17	4.041	4	4	13
EPI686117_A_Hong_Kong_15611_2015	CY244478_A_California_60_2017	2017.7.1	6.057	6	5	20	10.084	10	8	25
EPI686117_A_Hong_Kong_15611_2015	CY245203_A_Arizona_50_2017	2017.8.22	3.504	3	3	15	4.032	4	4	13
EPI686117_A_Hong_Kong_15611_2015	CY245459_A_Hawaii_45_2017	2017.8.22	3.524	3	3	37	3.064	3	3	43
EPI686117_A_Hong_Kong_15611_2015	CY250520_A_Arkansas_24_2017	2017.10.12	4.492	4	4	7	5.017	5	5	7
EPI686117_A_Hong_Kong_15611_2015	CY257914_A_Florida_73_2017	2017.10.15	4.523	4	4	22	6.049	6	6	27
EPI686117_A_Hong_Kong_15611_2015	CY257994_A_Massachusetts_16_2017	2017.10.12	2.494	2	2	6	7.037	7	7	9
EPI686117_A_Hong_Kong_15611_2015	CY258177_A_New_York_36_2017	2017.10.21	4.606	5	4	18	3.043	3	3	16
EPI686117_A_Hong_Kong_15611_2015	CY258305_A_Louisiana_57_2017	2017.10.28	3.492	3	3	6	6.015	6	6	8
EPI686117_A_Hong_Kong_15611_2015	CY260353_A_California_86_2017	2017.10.3	3.504	3	3	15	3.029	3	3	12
EPI686117_A_Hong_Kong_15611_2015	CY264374_A_New_Hampshire_27_2017	2017.11.21	3.509	3	3	18	6.035	6	6	22
EPI686117_A_Hong_Kong_15611_2015	CY264986_A_Pennsylvania_274_2017	2017.12.15	3.506	3	3	17	6.026	6	6	15
EPI686117_A_Hong_Kong_15611_2015	CY266079_A_Florida_87_2017	2017.10.25	3.519	3	3	17	5.037	5	5	14
EPI686117_A_Hong_Kong_15611_2015	KY949675_A_Linkou_0175_2016	2016.12.12	7.549	7	7	37	12.401	12	11	48
EPI686117_A_Hong_Kong_15611_2015	KY949682_A_Linkou_0191_2016	2016.12.30	7.503	7	7	18	12.354	12	11	24
EPI686117_A_Hong_Kong_15611_2015	KY949699_A_Linkou_0187_2016	2016.12.27	1.054	1	1	16	4.696	5	4	22
EPI686117_A_Hong_Kong_15611_2015	KY949700_A_Keelung_0082_2016	2016.11.30	2.511	2	2	14	3.015	3	3	12
EPI686117_A_Hong_Kong_15611_2015	KY949766_A_Taipei_0088_2016	2016.12.6	3.499	3	3	5	2.012	2	2	4
EPI686117_A_Hong_Kong_15611_2015	KY949786_A_Keelung_0097_2016	2016.12.20	2.499	2	2	4	3.004	3	3	5
EPI686117_A_Hong_Kong_15611_2015	KY949826_A_Taipei_0092_2016	2016.12.19	2.501	2	2	4	5.009	5	5	7
EPI686117_A_Hong_Kong_15611_2015	KY949862_A_Keelung_0089_2016	2016.12.8	4.017	4	4	14	3.663	4	3	12
EPI686117_A_Hong_Kong_15611_2015	KY949934_A_Keelung_0099_2016	2016.12.21	2.551	2	2	17	3.054	3	3	21
EPI686117_A_Hong_Kong_15611_2015	KY949967_A_Linkou_0169_2016	2016.12.2	2.551	2	2	17	2.056	2	2	20
EPI686117_A_Hong_Kong_15611_2015	KY950051_A_Linkou_0186_2016	2016.12.26	4.017	4	3	13	10.05	10	9	18
EPI686117_A_Hong_Kong_15611_2015	KY950096_A_Linkou_0181_2016	2016.12.21	7.522	7	7	18	10.364	10	9	21
EPI686117_A_Hong_Kong_15611_2015	KY950133_A_Keelung_0095_2016	2016.12.14	2.528	2	2	20	4.035	4	4	25
EPI686117_A_Hong_Kong_15611_2015	KY950211_A_Linkou_0185_2016	2016.12.24	7.49	7	7	10	11.349	11	10	15
EPI686117_A_Hong_Kong_15611_2015	MF736980_A_Vologda_CRIE_172_2016	2016.12.17	4.557	4	4	15	14.053	14	13	26
EPI686117_A_Hong_Kong_15611_2015	MF736996_A_Karachay_Cherkess_CRIE_301_2017	2017.2.28	7.5	7	7	10	11.347	11	10	15
EPI686117_A_Hong_Kong_15611_2015	MF783012_A_Rochester_U029_2017	2017.1.20	4.025	4	3	13	12.041	12	11	18
EPI686117_A_Hong_Kong_15611_2015	MG198917_A_Guangdong_SKLRD01_2017	2017.7.15	5.504	5	5	17	3.031	3	3	12
EPI686117_A_Hong_Kong_15611_2015	MG856322_A_Karachay_Cherkess_CRIE_296_2016	2016.12.11	8.486	8	6	11	11.341	11	10	15
EPI686117_A_Hong_Kong_15611_2015	MG974447_A_Kansas_14_2017	2017.12.14	6.5	6	6	8	6.022	6	6	8
EPI686117_A_Hong_Kong_15611_2015	MG984182_A_Shanghai_10_2017	2017.1.10	3.035	3	3	14	3.679	4	3	19
EPI686117_A_Hong_Kong_15611_2015	MG984190_A_Shanghai_11_2017	2017.1.11	3.029	3	3	14	3.666	4	3	12
EPI686117_A_Hong_Kong_15611_2015	MG984198_A_Shanghai_12_2017	2017.1.13	3.028	3	3	19	4.667	5	4	15
EPI686117_A_Hong_Kong_15611_2015	MG984222_A_Shanghai_15_2017	2017.1.22	4.048	4	4	15	4.686	5	4	20
EPI686117_A_Hong_Kong_15611_2015	MG984230_A_Shanghai_16_2017	2017.1.25	6.054	6	6	19	4.686	5	4	13
EPI686117_A_Hong_Kong_15611_2015	MG984238_A_Shanghai_17_2017	2017.1.25	5.018	5	5	15	4.661	5	4	13
EPI686117_A_Hong_Kong_15611_2015	MG984246_A_Shanghai_18_2017	2017.1.26	3.037	3	3	16	3.679	4	3	19
EPI686117_A_Hong_Kong_15611_2015	MG984254_A_Shanghai_19_2017	2017.1.31	4.074	4	4	15	5.687	6	5	21
EPI686117_A_Hong_Kong_15611_2015	MG984270_A_Shanghai_20_2017	2017.2.3	3.084	3	3	39	3.731	4	3	43
EPI686117_A_Hong_Kong_15611_2015	MG984278_A_Shanghai_21_2017	2017.2.6	3.035	3	3	14	3.681	4	3	19
EPI686117_A_Hong_Kong_15611_2015	MG984286_A_Shanghai_29_2017	2017.5.16	5.566	5	5	37	3.101	3	3	43
EPI686117_A_Hong_Kong_15611_2015	MG984302_A_Shanghai_30_2017	2017.6.23	4.682	5	4	38	3.101	3	3	43
EPI686117_A_Hong_Kong_15611_2015	MG984310_A_Shanghai_31_2017	2017.6.23	4.496	4	4	10	8.486	8	7	16
EPI686117_A_Hong_Kong_15611_2015	MG984318_A_Shanghai_32_2017	2017.7.19	6.504	6	6	18	3.027	3	3	12
EPI686117_A_Hong_Kong_15611_2015	MG984326_A_Shanghai_33_2017	2017.7.25	5.504	5	5	17	3.031	3	3	12
EPI686117_A_Hong_Kong_15611_2015	MG984342_A_Shanghai_35_2017	2017.7.31	6.52	6	6	20	3.039	3	3	16
EPI686117_A_Hong_Kong_15611_2015	MG984350_A_Shanghai_36_2017	2017.8.9	4.68	5	4	36	6.103	6	6	48
EPI686117_A_Hong_Kong_15611_2015	MG984358_A_Shanghai_37_2017	2017.8.9	4.616	5	4	16	3.031	3	3	12
EPI686117_A_Hong_Kong_15611_2015	MG984366_A_Shanghai_38_2017	2017.8.11	7.507	7	7	20	3.032	3	3	14
EPI686117_A_Hong_Kong_15611_2015	MG984390_A_Shanghai_40_2017	2017.8.19	6.636	7	6	22	6.043	6	6	19
EPI686117_A_Hong_Kong_15611_2015	MG984398_A_Shanghai_41_2017	2017.8.19	5.62	6	5	17	6.031	6	6	15
EPI686117_A_Hong_Kong_15611_2015	MG984414_A_Shanghai_43_2017	2017.8.21	5.566	5	5	37	4.097	4	4	44
EPI686117_A_Hong_Kong_15611_2015	MG984430_A_Shanghai_45_2017	2017.8.23	4.616	5	4	16	3.031	3	3	12
EPI686117_A_Hong_Kong_15611_2015	MG984438_A_Shanghai_46_2017	2017.8.29	6.545	6	6	21	3.068	3	3	21
EPI686117_A_Hong_Kong_15611_2015	MG984446_A_Shanghai_47_2017	2017.8.29	6.52	6	6	20	3.039	3	3	16
EPI686117_A_Hong_Kong_15611_2015	MG984462_A_Shanghai_49_2017	2017.9.5	7.566	7	7	39	3.097	3	3	43
EPI686117_A_Hong_Kong_15611_2015	MG984478_A_Shanghai_50_2017	2017.9.6	4.636	5	4	20	6.045	6	6	19
EPI686117_A_Hong_Kong_15611_2015	MG984486_A_Shanghai_51_2017	2017.9.8	5.631	6	5	16	3.033	3	3	14
EPI686117_A_Hong_Kong_15611_2015	MG984502_A_Shanghai_53_2017	2017.9.13	5.566	5	5	37	4.101	4	4	44
EPI686117_A_Hong_Kong_15611_2015	MG984518_A_Shanghai_7_2016	2016.12.30	3.018	3	3	13	4.657	5	4	13
EPI686117_A_Hong_Kong_15611_2015	MH637447_A_Linkou_0335_2017	2017.7.18	4.592	5	4	16	6.031	6	6	15
EPI686117_A_Hong_Kong_15611_2015	MH637456_A_Linkou_0266_2017	2017.3.16	5.631	6	5	20	4.074	4	4	22
EPI686117_A_Hong_Kong_15611_2015	MH637483_A_Baltimore_P0247_2018	2018.1.14	3.507	3	3	18	6.035	6	6	22
EPI686117_A_Hong_Kong_15611_2015	MH637488_A_Baltimore_P0279_2018	2018.2.2	6.517	6	6	23	6.033	6	6	19
EPI686117_A_Hong_Kong_15611_2015	MH637511_A_Baltimore_P0243_2018	2018.1.11	6.512	6	6	18	8.031	8	8	17
EPI686117_A_Hong_Kong_15611_2015	MH637528_A_Baltimore_P0241_2018	2018.1.10	6.503	6	6	9	6.022	6	6	8
EPI686117_A_Hong_Kong_15611_2015	MH637557_A_Keelung_0113_2017	2017.1.16	3.519	3.5	3	12	3.035	3	3	10
EPI686117_A_Hong_Kong_15611_2015	MH637565_A_Baltimore_P0255_2018	2018.1.20	3.506	3	3	17	8.05	8	8	17
EPI686117_A_Hong_Kong_15611_2015	MH637576_A_Linkou_0302_2017	2017.6.20	7.517	7	7	15	15.379	15	14	20
EPI686117_A_Hong_Kong_15611_2015	MH637596_A_Baltimore_P0304_2018	2018.2.13	3.492	3	3	6	6.017	6	6	8
EPI686117_A_Hong_Kong_15611_2015	MH637603_A_Baltimore_P0238_2018	2018.1.8	4.526	4	4	38	7.075	7	7	47
EPI686117_A_Hong_Kong_15611_2015	MH637648_A_Taipei_0122_2017	2017.2.2	1.015	1	1	11	4.027	4	3	12
EPI686117_A_Hong_Kong_15611_2015	MH637673_A_Baltimore_P0237_2018	2018.1.7	4.492	4	4	7	6.017	6	6	8
EPI686117_A_Hong_Kong_15611_2015	MH637679_A_Taipei_0123_2017	2017.2.3	7.507	7	7	18	13.372	13	12	25
EPI686117_A_Hong_Kong_15611_2015	MH637687_A_Baltimore_P0286_2018	2018.2.5	3.494	3	3	6	6.019	6	6	8
EPI686117_A_Hong_Kong_15611_2015	MH637707_A_Keelung_0161_2017	2017.4.7	4.654	5	4	38	4.105	4	4	44
EPI686117_A_Hong_Kong_15611_2015	MH637726_A_Baltimore_P0239_2018	2018.1.8	3.553	3	3	22	7.069	7	7	25
EPI686117_A_Hong_Kong_15611_2015	MH637730_A_Baltimore_P0283_2018	2018.2.4	7.514	7	7	19	6.029	6	6	15
EPI686117_A_Hong_Kong_15611_2015	MH637747_A_Baltimore_P0232_2018	2018.1.2	6.532	6	6	40	5.068	5	5	45
EPI686117_A_Hong_Kong_15611_2015	MH637752_A_Linkou_0206_2017	2017.1.17	2.534	2.5	2	20	2.174	2	2	23
EPI686117_A_Hong_Kong_15611_2015	MH637768_A_Baltimore_P0242_2018	2018.1.11	4.492	4	4	7	6.017	6	6	8
EPI686117_A_Hong_Kong_15611_2015	MH637783_A_Baltimore_P0244_2018	2018.1.11	3.492	3	3	6	8.039	8	8	10
EPI686117_A_Hong_Kong_15611_2015	MH637808_A_Baltimore_P0298_2018	2018.2.10	3.526	3	3	37	9.055	9	9	49
EPI686117_A_Hong_Kong_15611_2015	MH701747_A_New_Jersey_93924_2018	2018.2.20	3.507	3	3	16	6.079	6	6	17
EPI686117_A_Hong_Kong_15611_2015	MH701755_A_New_Jersey_93934_2018	2018.2.21	3.492	3	3	6	6.065	6	6	8
EPI686117_A_Hong_Kong_15611_2015	MK159064_A_Jeonbuk_736_2017	2017.7.17	4.506	5	4	7	2.016	2	2	4
EPI686117_A_Hong_Kong_15611_2015	MK159072_A_Gyeongbuk_745_2017	2017.9.4	2.16	2	2	17	3.72	4	3	21
EPI686117_A_Hong_Kong_15611_2015	MK640910_A_China_80241_2016	2016.12.6	3.015	3	3	13	3.661	4	3	12
EPI686117_A_Hong_Kong_15611_2015	MK640913_A_China_81105_2017	2017.1.4	2.033	2	2	15	6.798	7	6	22
EPI686117_A_Hong_Kong_15611_2015	MK640914_A_China_81129_2017	2017.1.5	3.017	3	3	13	5.665	6	5	14
EPI686117_A_Hong_Kong_15611_2015	MK640915_A_China_81891_2017	2017.2.1	4.042	4	4	14	8.692	9	7	17
EPI686117_A_Hong_Kong_15611_2015	MN154312_A_Washington_9752_2019	2019.3.15	9.588	10	9	46	9.112	9	9	53
EPI686117_A_Hong_Kong_15611_2015	MN170167_A_Washington_9147_2019	2019.3.10	9.525	10	9	22	9.045	9	9	20
EPI686117_A_Hong_Kong_15611_2015	MN170183_A_Washington_9149_2019	2019.3.11	9.51	10	9	12	9.029	9	9	11
EPI686117_A_Hong_Kong_15611_2015	MN170191_A_Washington_9150_2019	2019.3.11	9.51	10	9	12	9.029	9	9	11
EPI686117_A_Hong_Kong_15611_2015	MN170207_A_Washington_9153_2019	2019.3.14	9.562	10	9	24	9.081	9	9	29
EPI686117_A_Hong_Kong_15611_2015	MN170223_A_Washington_9155_2019	2019.3.14	9.561	10	9	27	9.078	9	9	30
EPI686117_A_Hong_Kong_15611_2015	MN304051_A_Basel_USB003343_1_2016	2016.12.27	2.568	2	2	36	7.102	7	7	47
EPI686117_A_Hong_Kong_15611_2015	MN304056_A_Basel_USB003348_1_2016	2016.12.30	3.514	3	3	16	4.03	4	4	15
EPI686117_A_Hong_Kong_15611_2015	MN304081_A_Basel_USB003378_1_2017	2017.1.13	3.515	3	3	15	5.023	5	5	14
EPI686117_A_Hong_Kong_15611_2015	MN304116_A_Basel_USB003451_1_2017	2017.2.2	2.51	2	2	16	4.016	4	2	13
EPI686117_A_Hong_Kong_15611_2015	MN304117_A_Basel_USB003452_1_2017	2017.2.2	1.066	1	1	16	5.698	6	5	23
EPI686117_A_Hong_Kong_15611_2015	MN304125_A_Basel_USB003503_1_2017	2017.2.5	3.502	4	3	5	5.011	5	5	7
EPI686117_A_Hong_Kong_15611_2015	MN304128_A_Basel_USB003507_1_2017	2017.2.6	2.084	2	1	35	13.109	13	12	50
EPI686117_A_Hong_Kong_15611_2015	MN304158_A_Basel_USB001568_1_2017	2017.1.2	7.505	7	7	18	14.054	14	13	26
EPI686117_A_Hong_Kong_15611_2015	MN304160_A_Basel_USB002230_1_2017	2017.1.2	2.513	2	2	14	5.015	5	5	14
EPI686117_A_Hong_Kong_15611_2015	MN304174_A_Basel_USB001581_1_2017	2017.1.3	1.069	1	1	33	6.72	7	6	46
EPI686117_A_Hong_Kong_15611_2015	MN304184_A_Basel_USB001592_1_2017	2017.1.4	6.502	6	6	9	14.039	14	13	16
EPI686117_A_Hong_Kong_15611_2015	MN304199_A_Basel_USB001639_1_2017	2017.1.4	1.523	2	1	13	2.011	2	2	11
EPI686117_A_Hong_Kong_15611_2015	MN304202_A_Basel_USB002304_1_2017	2017.1.4	7.561	7	7	37	14.101	14	13	50
EPI686117_A_Hong_Kong_15611_2015	MN304206_A_Basel_USB001584_1_2017	2017.1.4	2.51	2	2	14	7.044	7	7	16
EPI686117_A_Hong_Kong_15611_2015	MN304230_A_Basel_USB002323_1_2017	2017.1.6	3.514	4	3	15	4.026	4	4	13
EPI686117_A_Hong_Kong_15611_2015	MN304260_A_Basel_USB002443_1_2017	2017.1.7	1.055	1	1	16	6.702	7	6	26
EPI686117_A_Hong_Kong_15611_2015	MN304284_A_Basel_USB002561_1_2017	2017.1.9	6.534	6	6	17	14.064	14	13	25
EPI686117_A_Hong_Kong_15611_2015	MN304303_A_Basel_USB002594_1_2017	2017.1.10	2.496	2	2	5	4.007	4	2	6
EPI686117_A_Hong_Kong_15611_2015	MN304347_A_Basel_USB002671_1_2017	2017.1.13	7.561	7	7	37	14.101	14	13	50
EPI686117_A_Hong_Kong_15611_2015	MN304376_A_Basel_USB002722_1_2017	2017.1.17	2.508	2	2	14	4.014	4	2	11
EPI686117_A_Hong_Kong_15611_2015	MN304409_A_Basel_USB002775_1_2017	2017.1.22	2.066	2	2	17	7.7	8	7	25
EPI686117_A_Hong_Kong_15611_2015	MN304423_A_Basel_USB002825_1_2017	2017.1.23	3.064	3	2	17	15.099	15	14	32
EPI686117_A_Hong_Kong_15611_2015	MN304459_A_Basel_USB002891_1_2017	2017.1.29	2.059	2	2	17	6.702	7	6	24
EPI686117_A_Hong_Kong_15611_2015	MN304483_A_Basel_USB002922_1_2017	2017.2.1	7.511	7	7	18	14.052	14	13	26
EPI686117_A_Hong_Kong_15611_2015	MN304521_A_Basel_USB002995_1_2017	2017.2.5	2.513	2	2	14	4.144	4	4	13
EPI686117_A_Hong_Kong_15611_2015	MN304543_A_Basel_USB003034_1_2017	2017.2.7	2.025	2	1	11	13.041	13	12	19
EPI686117_A_Hong_Kong_15611_2015	MN304587_A_Basel_USB003307_1_2017	2017.2.25	2.524	2	2	17	5.032	5	3	21
EPI686117_A_Hong_Kong_15611_2015	MN304604_A_Basel_USB002047_1_2016	2016.12.10	2.553	2	2	17	4.059	4	4	22
EPI686117_A_Hong_Kong_15611_2015	MN304638_A_Basel_USB002088_1_2016	2016.12.24	2.036	2	2	18	4.679	5	4	25
EPI686117_A_Hong_Kong_15611_2015	MN304643_A_Basel_USB002097_1_2016	2016.12.25	6.532	6	6	17	14.077	14	13	28
EPI686117_A_Hong_Kong_15611_2015	MN304651_A_Basel_USB002098_1_2016	2016.12.25	2.021	2	2	12	4.657	5	4	13
EPI686117_A_Hong_Kong_15611_2015	MN304652_A_Basel_USB001532_1_2016	2016.12.26	7.551	7	7	37	14.101	14	13	50
EPI686117_A_Hong_Kong_15611_2015	MN304663_A_Basel_USB001539_1_2016	2016.12.27	2.028	2	2	13	5.666	6	5	14
EPI686117_A_Hong_Kong_15611_2015	MN304664_A_Basel_USB001538_1_2016	2016.12.27	3.502	4	3	5	5.007	5	5	7
EPI686117_A_Hong_Kong_15611_2015	MN304667_A_Basel_USB001537_1_2016	2016.12.27	2.06	2	2	17	4.698	5	4	22
EPI686117_A_Hong_Kong_15611_2015	MN304668_A_Basel_USB002128_1_2016	2016.12.27	1.507	1	1	37	7.112	7	6	49
EPI686117_A_Hong_Kong_15611_2015	MN304672_A_Basel_USB002199_1_2016	2016.12.27	3.514	4	3	15	5.016	5	5	14
EPI686117_A_Hong_Kong_15611_2015	MN304679_A_Basel_USB002138_1_2016	2016.12.28	3.515	3	3	15	5.021	5	5	14
EPI686117_A_Hong_Kong_15611_2015	MN304682_A_Basel_USB001546_1_2016	2016.12.29	1.572	1	1	35	7.098	7	7	47
EPI686117_A_Hong_Kong_15611_2015	MN304687_A_Basel_USB002180_1_2016	2016.12.29	6.505	6	6	17	14.052	14	13	26
EPI686117_A_Hong_Kong_15611_2015	MN304690_A_Basel_USB002178_1_2016	2016.12.29	2.498	2	2	4	7.019	7	7	9
EPI686117_A_Hong_Kong_15611_2015	MN304704_A_Basel_USB001552_1_2016	2016.12.31	5.42	5	5	8	2.032	2	2	4
EPI686117_A_Hong_Kong_15611_2015	MN304711_A_Basel_USB001562_1_2016	2016.12.31	2.554	3	2	17	2.062	2	2	20
