vaccineStrain	compareStrain	tipDate	mean_N	median_N	min_N	max_N	mean_S	median_S	min_S	max_S
MG974447_A_Kansas_14_2017	1618891_A_Pennsylvania_1020_2019	2019.10.12	1.017	1	1	5	15.731	16	15	67
MG974447_A_Kansas_14_2017	1640279_A_Cardiff_9474_2019	2019.12.9	2.023	2	2	6	16.764	17	16	68
MG974447_A_Kansas_14_2017	1641886_A_Idaho_40_2019	2019.11.16	3.013	3	3	7	14.743	15	14	66
MG974447_A_Kansas_14_2017	1651646_A_Virginia_42_2019	2019.12.9	3.046	3	3	19	13.836	14	13	86
MG974447_A_Kansas_14_2017	1661929_A_Mexico_2943_2019	2019.10.31	1.004	1	1	5	8.06	8	7	65
MG974447_A_Kansas_14_2017	1662160_A_Abudhabi_106_2019	2019.11.26	2.03	2	2	18	12.757	13	12	84
MG974447_A_Kansas_14_2017	1675773_A_Rheinland_Pfalz_5_2020	2020.1.7	2.023	2	2	6	13.823	14	13	65
MG974447_A_Kansas_14_2017	1683447_A_Wisconsin_03_2020	2020.1.9	4.013	4	4	8	12.767	13	12	64
MG974447_A_Kansas_14_2017	1692312_A_Louisiana_66_2019	2019.12.28	4.013	4	4	8	13.735	14	13	65
MG974447_A_Kansas_14_2017	1713851_A_Pennsylvania_15_2020	2020.2.20	1.009	1	1	5	15.882	16	14	63
MG974447_A_Kansas_14_2017	1738893_A_Minnesota_23_2020	2020.3.20	4.014	4	4	8	12.712	13	10	62
MG974447_A_Kansas_14_2017	1738933_A_Idaho_52_2019	2019.12.25	3.035	3	3	19	15.863	16	15	87
MG974447_A_Kansas_14_2017	1740471_A_Minnesota_12_2020	2020.2.12	3.035	3	3	19	16.894	17	16	88
MG974447_A_Kansas_14_2017	1748112_A_Alberta_RV5268_2020	2020.3.4	1.015	1	1	5	13.743	14	13	61
MG974447_A_Kansas_14_2017	1799200_A_Haiti_394_2019	2019.12.16	3.015	3	3	7	11.693	12	11	59
MG974447_A_Kansas_14_2017	1807805_A_Guangxi_Hengxian_3105_2019	2019.11.14	1.028	1	1	17	23.697	24	21	93
MG974447_A_Kansas_14_2017	1807829_A_Zhejiang_Dinghai_1817_2019	2019.10.8	2.015	2	2	9	13.737	14	12	68
MG974447_A_Kansas_14_2017	1839735_A_Laos_1752_2020	2020.9.26	3.041	3	3	19	13.842	14	13	85
MG974447_A_Kansas_14_2017	1841191_A_Yunnan_Wenshan_1592_2020	2020.7.21	1.008	1	1	3	17.644	18	16	21
MG974447_A_Kansas_14_2017	1841681_A_Cambodia_e0826360_2020	2020.7.16	3.037	3	3	19	13.827	14	13	85
MG974447_A_Kansas_14_2017	1847821_A_Kitakyusyu_1_2020	2020.8.1	2.015	2	2	6	12.695	13	12	60
MG974447_A_Kansas_14_2017	1847845_A_Saitama_92_2020	2020.4.3	2.043	2	2	18	12.838	13	12	84
MG974447_A_Kansas_14_2017	2761581_A_Hessen_26_2020	2020.1.27	3.035	3	3	19	16.9	17	16	88
MG974447_A_Kansas_14_2017	2761606_A_Schleswig_Holstein_9_2020	2020.2.10	2.023	2	2	6	13.821	14	13	65
1592032_A_Hong_Kong_2671_2019	1838078_A_California_55_2020	2020.10.12	2.035	2	2	20	17.694	17	16	91
1592032_A_Hong_Kong_2671_2019	1847925_A_Vietnam_Vnhcm_Gs483_2020	2020.10.9	3.018	3	3	9	15.623	15	14	69
1592032_A_Hong_Kong_2671_2019	1849665_A_AbuDhabi_01_2021	2021.1.1	3.043	3	3	21	19.833	19	18	93
1592032_A_Hong_Kong_2671_2019	1852226_A_Bangkok_62_2020	2020.11.11	2.036	2	2	20	17.698	17	16	91
1592032_A_Hong_Kong_2671_2019	1858651_A_Pennsylvania_01_2021	2021.3.19	3.023	3	3	12	19.733	19	18	75
1592032_A_Hong_Kong_2671_2019	1861076_A_Laos_580_2021	2021.2.21	3.018	3	3	9	17.627	17	16	71
1592032_A_Hong_Kong_2671_2019	1869531_A_Delaware_01_2021	2021.4.16	3.043	3	3	21	21.816	21	20	94
1592032_A_Hong_Kong_2671_2019	1885447_A_Abu_Dhabi_2210622842_2021	2021.3.3	3.043	3	3	21	20.83	20	19	93
1592032_A_Hong_Kong_2671_2019	1905714_A_India_PUN_NIV323256_2021	2021.6.21	3.043	3	3	21	19.84	19	18	93
1592032_A_Hong_Kong_2671_2019	1905786_A_India_PUN_NIV312063_2021	2021.5.9	3.036	3	3	21	19.792	19	18	95
1592032_A_Hong_Kong_2671_2019	1905802_A_Nepal_Npwr_05637_2021	2021.4.8	3.016	3	3	9	18.7	18	17	72
1592032_A_Hong_Kong_2671_2019	1916915_A_Oklahoma_01_2021	2021.7.6	1.041	1	1	19	15.756	15	14	89
1592032_A_Hong_Kong_2671_2019	1916923_A_Michigan_03_2021	2021.8.18	1.033	1	1	19	15.687	15	14	89
1592032_A_Hong_Kong_2671_2019	1919553_A_YANAO_08_01V_2021	2021.8.8	3.043	3	3	21	20.818	20	19	94
1592032_A_Hong_Kong_2671_2019	1921773_A_Thailand_12_2021	2021.6.24	2.04	2	2	20	17.705	17	16	93
1592032_A_Hong_Kong_2671_2019	1922800_A_Nepal_21FL2699_2021	2021.8.11	5.018	5	5	11	21.726	21	20	75
1592032_A_Hong_Kong_2671_2019	1924350_A_Philippines_6_2021	2021.7.5	1.035	1	1	17	19.843	20	18	91
1592032_A_Hong_Kong_2671_2019	1925236_A_Michigan_05_2021	2021.9.26	2.047	2	2	20	18.817	18	17	94
1592032_A_Hong_Kong_2671_2019	1926248_A_Saint_Petersburg_RII_2415S_2021	2021.1.2	8.032	8	8	17	28.794	29	27	84
1592032_A_Hong_Kong_2671_2019	1940321_A_New_York_03_2021	2021.9.16	3.043	3	3	21	20.81	20	19	93
1592032_A_Hong_Kong_2671_2019	1954438_A_Picardie_28479_2021	2021.9.17	3.043	3	3	21	22.826	22	21	96
1592032_A_Hong_Kong_2671_2019	1967900_A_Pakistan_ICT7_2021	2021.9.16	4.037	4	4	22	20.792	20	19	93
1592032_A_Hong_Kong_2671_2019	1969592_A_Bangladesh_9019_2021	2021.9.20	3.034	3	3	21	24.792	24	23	100
1592032_A_Hong_Kong_2671_2019	EPI2415906_A_Darwin_9_2021	2021.4.17	3.043	3	3	21	18.84	18	17	91
1841681_A_Cambodia_e0826360_2020	19194107_A_Thailand_8_2022	2022.7.11	3.028	3	3	23	15.563	15	14	97
1841681_A_Cambodia_e0826360_2020	1941020_A_Florida_04_2021	2021.10.28	3.018	3	3	14	10.467	10	9	76
1841681_A_Cambodia_e0826360_2020	1952515_A_Pennsylvania_06_2021	2021.11.21	3.032	3	3	23	10.517	10	9	94
1841681_A_Cambodia_e0826360_2020	1958506_A_Khakassia_155_06V_2021	2021.11.30	3.029	3	3	23	11.507	11	10	93
1841681_A_Cambodia_e0826360_2020	1960344_A_Montana_10_2021	2021.11.29	3.028	3	3	23	10.497	10	9	92
1841681_A_Cambodia_e0826360_2020	1964326_A_California_46_2021	2021.12.19	3.049	3	3	23	11.58	11	10	93
1841681_A_Cambodia_e0826360_2020	1983154_A_Montana_02_2022	2022.1.6	3.021	3	3	23	10.458	10	9	92
1841681_A_Cambodia_e0826360_2020	1992288_A_Wyoming_09_2021	2021.12.2	3.032	3	3	23	10.517	10	9	94
1841681_A_Cambodia_e0826360_2020	2004157_A_North_Dakota_03_2022	2022.2.9	3.032	3	3	23	12.524	12	11	97
1841681_A_Cambodia_e0826360_2020	2007488_A_New_Mexico_07_2022	2022.2.14	3.018	3	3	14	12.472	12	11	78
1841681_A_Cambodia_e0826360_2020	2019560_A_Novosibirsk_RII_MH60652S_2022	2022.1.10	3.031	3	3	23	11.515	11	10	93
1841681_A_Cambodia_e0826360_2020	2042591_A_Picardie_21593_2022	2022.3.21	3.03	3	3	23	10.519	10	9	93
1841681_A_Cambodia_e0826360_2020	2042752_A_Lorraine_23758_2022	2022.3.26	3.051	3	3	23	10.604	10	9	96
1841681_A_Cambodia_e0826360_2020	2042994_A_Lorraine_28541_2022	2022.4.9	3.04	3	3	23	15.547	15	14	97
1841681_A_Cambodia_e0826360_2020	2043548_A_Berlin_23_2022	2022.3.17	4.018	4	4	15	11.494	11	10	77
1841681_A_Cambodia_e0826360_2020	2046104_A_Krasnodar_Krai_183_10V_2021	2021.12.17	5.037	5	5	16	14.575	14	13	82
1841681_A_Cambodia_e0826360_2020	2063583_A_Idaho_25_2022	2022.5.1	4.032	4	4	24	10.561	10	9	92
1841681_A_Cambodia_e0826360_2020	2077428_A_Berlin_61_2022	2022.4.25	4.05	4	4	22	19.494	19	19	93
1841681_A_Cambodia_e0826360_2020	2127871_A_Michigan_35_2022	2022.5.18	4.053	4	4	22	17.542	17	17	91
1841681_A_Cambodia_e0826360_2020	2136215_A_Abu_Dhabi_1812537_2022	2022.6.30	4.05	4	4	22	19.508	19	19	95
1841681_A_Cambodia_e0826360_2020	2176957_A_Florida_70_2022	2022.8.8	4.053	4	4	22	18.532	18	18	92
1841681_A_Cambodia_e0826360_2020	2194875_A_Maldives_875_2022	2022.9.9	4.065	4	4	24	15.532	15	15	89
1841681_A_Cambodia_e0826360_2020	2233523_A_Ayutthaya_NIC_P2289_2022	2022.7.18	3.018	3	3	14	15.531	15	14	81
1841681_A_Cambodia_e0826360_2020	2325220_A_Finland_298_2022	2022.9.4	3.051	3	3	23	10.604	10	9	92
1841681_A_Cambodia_e0826360_2020	2500106_A_ABUDHABI_UAE_1112067_2022	2022.4.25	3.03	3	3	23	10.521	10	9	92
1841681_A_Cambodia_e0826360_2020	2503987_A_British_Columbia_124_2022	2022.6.19	4.038	4	4	26	13.452	13	10	96
EPI2415906_A_Darwin_9_2021	19296516_A_Croatia_10136RV_2023	2023.12.4	5.033	5	5	11	26.561	26	25	80
EPI2415906_A_Darwin_9_2021	19377008_A_Arica_52920_2024	2024.7.1	5.037	5	5	11	27.597	27	27	76
EPI2415906_A_Darwin_9_2021	19355069_A_Chiang_Rai_1932_2024	2024.3.27	5.032	5	5	11	28.545	28	28	82
EPI2415906_A_Darwin_9_2021	19378437_A_Denmark_2208_2024	2024.6.29	5.035	5	5	11	29.564	29	29	78
EPI2415906_A_Darwin_9_2021	19522825_A_Denmark_2281_2024	2024.8.26	5.033	5	5	9	30.528	30	29	57
EPI2415906_A_Darwin_9_2021	19455563_A_England_2481021_2024	2024.6.4	5.039	5	5	11	30.588	30	30	79
EPI2415906_A_Darwin_9_2021	19539069_A_Ghana_1122_2024	2024.7.24	5.041	5	5	11	29.577	29	29	80
EPI2415906_A_Darwin_9_2021	19298604_A_Ghana_3370_2024	2024.6.6	5.035	5	5	11	28.559	28	28	77
EPI2415906_A_Darwin_9_2021	19377137_A_Guyana_10084_2024	2024.5.28	6.037	6	6	12	28.559	28	27	77
EPI2415906_A_Darwin_9_2021	19274403_A_Hungary_264_2024	2024.3.26	5.037	5	5	11	27.561	27	27	76
EPI2415906_A_Darwin_9_2021	19355364_A_Kenya_139_2024	2024.5.23	5.036	5	5	11	28.577	28	27	82
EPI2415906_A_Darwin_9_2021	19388144_A_Saudi_Arabia_PHL_FS8301_2024	2024.7.6	5.035	5	5	11	33.578	33	33	84
EPI2415906_A_Darwin_9_2021	19052814_A_Serbia_514284_2024	2024.3.8	5.054	5	5	23	30.647	30	30	103
EPI2415906_A_Darwin_9_2021	19539108_A_Wellington_85_2024	2024.8.14	6.034	6	6	12	28.585	28	28	82
EPI2415906_A_Darwin_9_2021	19208620_A_Wisconsin_80_2024	2024.5.25	5.035	5	5	11	26.559	26	26	75
EPI2415906_A_Darwin_9_2021	19642627_A_Jeju_4080_2024	2024.9.23	5.037	5	5	11	30.561	30	30	79
EPI2415906_A_Darwin_9_2021	19632815_A_Jeonbuk_3813_2024	2024.3.11	5.037	5	5	11	28.6	28	28	82
EPI2415906_A_Darwin_9_2021	19632822_A_Seoul_3837_2024	2024.3.18	7.035	7	7	13	29.579	29	29	80
EPI2415906_A_Darwin_9_2021	2206316_A_Rogerstone_2168_2022	2022.10.10	0.043	0	0	24	4.488	5	3	96
EPI2415906_A_Darwin_9_2021	2208308_A_Lourdes_53101_2022	2022.10.8	5.032	5	5	11	22.535	22	22	76
EPI2415906_A_Darwin_9_2021	2252381_A_Maine_07_2022	2022.10.27	5.037	5	5	11	22.539	22	22	73
EPI2415906_A_Darwin_9_2021	2253452_A_Kansas_25_2022	2022.10.19	5.033	5	5	11	22.44	22	22	73
EPI2415906_A_Darwin_9_2021	2254250_A_Centre_56613_2022	2022.11.23	5.033	5	5	11	22.537	22	21	76
EPI2415906_A_Darwin_9_2021	2257357_A_Austria_MUW1572306_2022	2022.11.30	5.029	5	5	9	25.499	25	25	54
EPI2415906_A_Darwin_9_2021	2283189_A_Denmark_3146_2022	2022.11.10	5.034	5	5	11	23.541	23	23	79
EPI2415906_A_Darwin_9_2021	2367511_A_Connecticut_04_2023	2023.1.4	5.035	5	5	11	24.567	24	24	78
EPI2415906_A_Darwin_9_2021	2385451_A_Oman_8557_2022	2022.12.4	0.067	0	0	12	6.42	6	5	73
EPI2415906_A_Darwin_9_2021	2424342_A_Baden_Wuerttemberg_144_2022	2022.12.1	5.035	5	5	11	24.531	24	24	75
EPI2415906_A_Darwin_9_2021	2424895_A_Sachsen_Anhalt_3_2023	2023.1.1	5.035	5	5	11	23.559	23	23	77
EPI2415906_A_Darwin_9_2021	2441868_A_Minnesota_08_2023	2023.1.11	5.039	5	5	11	20.579	20	20	74
EPI2415906_A_Darwin_9_2021	2467517_A_HaidianCDC_12962_2023	2023.3.2	0.029	0	0	15	8.948	8	8	84
EPI2415906_A_Darwin_9_2021	2498550_A_California_32_2023	2023.1.5	5.033	5	5	11	25.57	25	24	79
EPI2415906_A_Darwin_9_2021	2498622_A_Kansas_01_2023	2023.2.26	5.032	5	5	11	23.557	23	23	77
EPI2415906_A_Darwin_9_2021	2534759_A_Minnesota_18_2023	2023.2.22	5.033	5	5	14	22.527	22	22	78
EPI2415906_A_Darwin_9_2021	2539626_A_Nordrhein_Westfalen_128_2022	2022.12.20	0.029	0	0	12	4.451	5	3	71
EPI2415906_A_Darwin_9_2021	2571528_A_Bhutan_001_2022	2022.11.21	1.022	1	1	11	2.312	2	2	51
EPI2415906_A_Darwin_9_2021	2587133_A_Berlin_265_2022	2022.12.19	5.032	5	5	11	25.541	25	25	79
EPI2415906_A_Darwin_9_2021	2599401_A_Lebanon_2787_2023	2023.3.28	5.035	5	5	11	25.593	25	25	79
EPI2415906_A_Darwin_9_2021	2689682_A_Costa_Rica_8476_2023	2023.6.26	0.018	0	0	10	9.868	9	9	58
EPI2415906_A_Darwin_9_2021	2716167_A_Kentucky_06_2023	2023.7.18	5.035	5	5	11	25.555	25	25	74
EPI2415906_A_Darwin_9_2021	2716351_A_Guatemala_378_2023	2023.4.22	6.035	6	6	12	25.69	25	25	74
EPI2415906_A_Darwin_9_2021	2732731_A_Bangladesh_9003_2023	2023.5.8	5.035	5	5	11	25.564	25	25	74
EPI2415906_A_Darwin_9_2021	2736750_A_Finland_407_2023	2023.8.11	4.035	4	4	10	20.444	20	20	69
EPI2415906_A_Darwin_9_2021	2758811_A_Catalonia_NSVH102158148_2023	2023.9.6	5.035	5	5	11	23.557	23	23	72
EPI2415906_A_Darwin_9_2021	EPI2800450_A_Phra_Nakhon_Si_Ayutthaya_P4330_2023	2023.10.2	6.039	6	6	12	25.621	25	25	79
EPI2415906_A_Darwin_9_2021	EPI2817864_A_Nakhon_Phanom_P4970_2023	2023.11.3	5.029	5	5	9	26.501	26	25	48
EPI2415906_A_Darwin_9_2021	EPI2819091_A_Nebraska_13_2023	2023.11.15	6.035	6	6	12	26.566	26	26	77
EPI2415906_A_Darwin_9_2021	EPI2845383_A_Saint_Petersburg_RII_169_2023	2023.10.31	5.037	5	5	11	26.561	26	26	77
EPI2415906_A_Darwin_9_2021	EPI2901414_A_California_118_2023	2023.11.29	5.029	5	5	9	26.837	26	26	55
EPI2415906_A_Darwin_9_2021	EPI2926182_A_Hong_Kong_3084_2023	2023.12.1	5.037	5	5	11	26.551	26	26	75
EPI2415906_A_Darwin_9_2021	EPI2970652_A_Saratov_RII_3_2023	2023.12.22	6.047	6	6	24	28.575	28	28	101
EPI2415906_A_Darwin_9_2021	EPI3055327_A_New_Hampshire_02_2024	2024.1.4	5.036	5	5	11	22.578	22	22	78
EPI2415906_A_Darwin_9_2021	EPI3089330_A_Penarth_6936_2024	2024.1.22	7.033	7	7	13	27.582	27	26	81
EPI2415906_A_Darwin_9_2021	EPI3095110_A_Samara_22_2023	2023.12.22	5.029	5	5	9	28.513	28	28	57
EPI2415906_A_Darwin_9_2021	EPI3133740_A_Idaho_21_2024	2024.2.9	6.032	6	6	12	28.566	28	28	82
EPI2415906_A_Darwin_9_2021	EPI3134187_A_Florida_06_2024	2024.1.8	5.037	5	5	11	23.572	23	23	74
EPI2415906_A_Darwin_9_2021	EPI3186602_A_Nevada_104_2024	2024.3.1	5.035	5	5	11	27.575	27	27	81
EPI2415906_A_Darwin_9_2021	EPI3186714_A_Washington_22_2024	2024.2.4	5.039	5	5	11	24.625	24	24	78
19194107_A_Thailand_8_2022	19628172_A_Colorado_228_2024	2024.11.10	6.049	6	6	24	37.984	37	37	110
19194107_A_Thailand_8_2022	19826182_A_South_Africa_R01135_2025	2025.1.28	6.063	6	6	24	39.646	39	39	112
19194107_A_Thailand_8_2022	19822399_A_Incheon_694_2025	2025.2.18	7.037	7	7	13	37.607	37	37	86
19194107_A_Thailand_8_2022	19794607_A_Jeonnam_359_2025	2025.1.13	6.041	6	6	12	37.657	37	37	91
19194107_A_Thailand_8_2022	20080759_A_Vietnam_5034_2025	2025.2.15	5.035	5	5	11	37.635	37	37	86
19194107_A_Thailand_8_2022	19884376_A_Canarias_1589_2025	2025.1.1	6.039	6	6	12	40.69	40	40	94
19194107_A_Thailand_8_2022	19800540_A_Denmark_860_2025	2025.2.3	5.041	5	5	11	39.627	39	39	90
19194107_A_Thailand_8_2022	19682309_A_Netherlands_10048_2025	2025.1.2	6.039	6	6	12	40.682	40	40	94
19194107_A_Thailand_8_2022	19874950_A_Denmark_2460_2025	2025.3.24	6.056	6	6	12	39.639	39	38	93
19194107_A_Thailand_8_2022	20073250_A_Ontario_1098_2025	2025.4.1	6.035	6	6	10	36.605	36	36	67
19194107_A_Thailand_8_2022	19897514_A_South_Africa_PATH-CERI-C068465_2025	2025.5.3	5.036	5	5	11	35.612	35	35	89
19194107_A_Thailand_8_2022	20261922_A_South_Africa_8325_2025	2025.8.28	6.041	6	6	12	42.711	42	42	96
19296516_A_Croatia_10136RV_2023	20284405_A_Bahrain_1648_2025	2025.10.19	0.042	0	0	10	11.805	11	10	97
19296516_A_Croatia_10136RV_2023	20284485_A_Bahrain_2180_2025	2025.10.23	0.036	0	0	10	11.778	11	11	99
19296516_A_Croatia_10136RV_2023	20284519_A_Catalonia_NSVH102734071_2025	2025.11.28	1.042	1	1	11	9.813	9	9	95
19296516_A_Croatia_10136RV_2023	20269338_A_Denmark_3567_2025	2025.11.10	1.056	1	1	23	9.867	9	9	115
19296516_A_Croatia_10136RV_2023	20269279_A_Denmark_3542_2025	2025.11.7	0.034	0	0	10	10.738	10	10	94
19296516_A_Croatia_10136RV_2023	20221173_A_Cardiff_0040_2025	2025.10.2	0.041	0	0	13	11.789	11	11	100
19296516_A_Croatia_10136RV_2023	20275639_A_Colorado_ISC-1470_2025	2025.10.28	0.042	0	0	10	9.807	9	9	95
19296516_A_Croatia_10136RV_2023	20275637_A_Colorado_ISC-1507_2025	2025.11.14	0.036	0	0	10	9.764	9	9	97
19296516_A_Croatia_10136RV_2023	20275348_A_Florida_32_2025	2025.10.29	0.034	0	0	10	11.741	11	11	95
19296516_A_Croatia_10136RV_2023	20275683_A_New_York_NIRC-IS-1504_2025	2025.11.13	0.036	0	0	10	9.766	9	9	97
19296516_A_Croatia_10136RV_2023	20262326_A_Colorado_ISC-1494_2025	2025.11.11	0.004	0	0	2	10.509	10	10	16
19296516_A_Croatia_10136RV_2023	20261837_A_Alaska_82_2025	2025.10.20	0.042	0	0	10	10.809	10	10	96
19296516_A_Croatia_10136RV_2023	20278399_A_Catalonia_NSVH171794172_2025	2025.12.3	0.01	0	0	8	12.553	12	10	74
19296516_A_Croatia_10136RV_2023	20261953_A_Wisconsin_152_2025	2025.11.3	0.036	0	0	10	11.768	11	11	99
19296516_A_Croatia_10136RV_2023	20262725_A_Catalonia_NSVH161522720_2025	2025.11.19	0.041	0	0	13	11.792	11	11	100
19296516_A_Croatia_10136RV_2023	20261957_A_Minnesota_109_2025	2025.10.25	0.042	0	0	10	9.807	9	9	95
19296516_A_Croatia_10136RV_2023	20279652_A_Lisboa_706_2025	2025.11.2	0.034	0	0	10	11.735	11	11	95
19296516_A_Croatia_10136RV_2023	20280416_A_Severomorsk_RII-MH264749S_2025	2025.11.18	0.044	0	0	10	10.811	10	10	96
19296516_A_Croatia_10136RV_2023	20280435_A_Saint-Petersburg_RII-MH264958S_2025	2025.11.26	0.038	0	0	10	9.784	9	9	95
19296516_A_Croatia_10136RV_2023	20280566_A_Saint-Petersburg_RII-25-0699S_2025	2025.11.17	0.036	0	0	10	10.766	10	10	98
19296516_A_Croatia_10136RV_2023	20281628_A_Saskatchewan_SKFLU469190_2025	2025.11.20	1.036	1	1	11	13.751	13	13	97
EPI103320_A_Moscow_10_1999	CY000024_A_New_York_30_2003	2003.12.2	7.896	7	7	12	26.531	27	24	35
EPI103320_A_Moscow_10_1999	CY000040_A_New_York_33_2004	2004.1.9	8.894	8	8	13	29.533	30	27	38
EPI103320_A_Moscow_10_1999	CY000056_A_New_York_35_2003	2003.12.4	8.894	8	8	13	25.533	26	23	34
EPI103320_A_Moscow_10_1999	CY000104_A_New_York_54_2003	2003.12.10	8.894	8	8	13	26.529	27	24	35
EPI103320_A_Moscow_10_1999	CY000144_A_New_York_26_2003	2003.12.2	8.894	8	8	13	26.528	27	24	35
EPI103320_A_Moscow_10_1999	CY000216_A_New_York_91_2002	2002.1.17	7.896	7	7	12	25.537	26	23	34
EPI103320_A_Moscow_10_1999	CY000272_A_New_York_53_2003	2003.12.11	8.896	8	8	13	25.533	26	23	34
EPI103320_A_Moscow_10_1999	CY000352_A_New_York_15_2003	2003.11.12	8.894	8	8	13	25.528	26	23	34
EPI103320_A_Moscow_10_1999	CY000512_A_New_York_4_2003	2003.12.8	8.896	8	8	13	26.535	27	24	35
EPI103320_A_Moscow_10_1999	CY000552_A_New_York_115_2002	2002.2.7	7.894	7	7	12	24.522	25	22	33
EPI103320_A_Moscow_10_1999	CY000768_A_New_York_10_2004	2004.1.30	7.894	7	7	12	26.545	27	24	35
EPI103320_A_Moscow_10_1999	CY000872_A_New_York_193_2003	2003.2.19	6.9	6	6	11	26.893	27	24	42
EPI103320_A_Moscow_10_1999	CY000908_A_New_York_13_2003	2003.11.12	8.894	8	8	13	26.527	27	24	35
EPI103320_A_Moscow_10_1999	CY001036_A_New_York_6_2004	2004.1.6	7.894	7	7	12	25.543	26	23	34
EPI103320_A_Moscow_10_1999	CY001095_A_New_York_24_2003	2003.12.1	8.896	8	8	13	27.531	28	25	36
EPI103320_A_Moscow_10_1999	CY001196_A_New_York_18_2003	2003.12.1	8.894	8	8	13	27.532	28	25	36
EPI103320_A_Moscow_10_1999	CY001300_A_New_York_37_2003	2003.12.4	8.894	8	8	13	26.527	27	24	35
EPI103320_A_Moscow_10_1999	CY001559_A_New_York_215_2003	2003.4.22	7.894	7	7	12	27.353	27	24	36
EPI103320_A_Moscow_10_1999	CY002335_A_New_York_77_2001	2001.12.26	7.894	7	7	12	22.497	23	20	31
EPI103320_A_Moscow_10_1999	CY002351_A_New_York_272_2003	2003.11.28	8.894	8	8	13	26.527	27	24	35
EPI103320_A_Moscow_10_1999	CY003287_A_New_York_438_2000	2000.1.18	4.673	5	4	7	12.425	13	6	19
EPI103320_A_Moscow_10_1999	CY006386_A_New_York_467_2004	2004.9.17	9.362	9	8	12	17.23	17	16	26
EPI103320_A_Moscow_10_1999	CY009267_A_New_York_499_2004	2004.1.15	7.894	7	7	12	26.543	27	24	35
EPI103320_A_Moscow_10_1999	CY013812_A_New_York_C4_2002	2002.2.1	7.894	7	7	12	26.526	27	24	35
EPI103320_A_Moscow_10_1999	CY032968_A_Yucatan_844_2003	2003.3.19	5.366	5	4	8	14.567	14	14	24
EPI103320_A_Moscow_10_1999	CY038574_A_Hong_Kong_HKU2_2004	2004.2.13	7.894	7	7	12	27.548	28	25	36
EPI103320_A_Moscow_10_1999	CY038614_A_Hong_Kong_HKU19_2004	2004.6.1	5.366	5	4	8	18.597	18	18	28
EPI103320_A_Moscow_10_1999	CY038622_A_Hong_Kong_HKU20_2004	2004.6.15	6.362	6	5	9	18.601	18	18	28
EPI103320_A_Moscow_10_1999	CY038638_A_Hong_Kong_HKU29_2004	2004.7.21	5.364	5	4	8	19.889	19.5	19	29
EPI103320_A_Moscow_10_1999	CY038646_A_Hong_Kong_HKU31_2004	2004.7.30	6.362	6	5	9	19.597	19	19	29
EPI103320_A_Moscow_10_1999	CY038654_A_Hong_Kong_HKU34_2004	2004.8.18	6.362	6	5	9	19.601	19	19	29
EPI103320_A_Moscow_10_1999	CY038950_A_Hong_Kong_HKU4_2004	2004.3.1	6.362	6	5	9	15.576	15	15	25
EPI103320_A_Moscow_10_1999	CY038958_A_Hong_Kong_HKU6_2004	2004.3.6	7.368	7	6	11	17.235	17	16	26
EPI103320_A_Moscow_10_1999	CY038990_A_Hong_Kong_HKU14_2004	2004.4.16	7.368	7	6	10	20.252	20	19	29
EPI103320_A_Moscow_10_1999	CY038998_A_Hong_Kong_HKU15_2004	2004.4.23	7.366	7	6	10	15.233	15	14	24
EPI103320_A_Moscow_10_1999	CY039014_A_Hong_Kong_HKU21_2004	2004.6.19	5.364	5	4	8	19.598	19	17	29
EPI103320_A_Moscow_10_1999	CY039030_A_Hong_Kong_HKU25_2004	2004.7.7	6.364	6	5	9	19.597	19	19	29
EPI103320_A_Moscow_10_1999	CY039038_A_Hong_Kong_HKU30_2004	2004.7.22	5.364	5	4	8	17.598	17	17	27
EPI103320_A_Moscow_10_1999	CY039166_A_Hong_Kong_HKU5_2004	2004.3.4	7.901	7	7	13	26.596	27	24	36
EPI103320_A_Moscow_10_1999	CY039174_A_Hong_Kong_HKU24_2004	2004.7.5	7.366	7	6	10	17.233	17	16	26
EPI103320_A_Moscow_10_1999	CY039494_A_Hong_Kong_HKU1_2004	2004.2.10	7.366	7	6	10	14.233	14	13	23
EPI103320_A_Moscow_10_1999	CY039502_A_Hong_Kong_HKU32_2004	2004.8.2	7.362	7	6	10	19.597	19	19	29
EPI103320_A_Moscow_10_1999	CY040321_A_Hong_Kong_HKU38_2004	2004.9.23	6.362	6	5	9	19.606	19	19	29
EPI103320_A_Moscow_10_1999	CY043751_A_Hong_Kong_HKU28_2004	2004.7.17	5.364	5	4	8	19.891	20	19	29
EPI103320_A_Moscow_10_1999	CY088027_A_England_425_2003	2003.10.29	8.894	8	8	13	27.529	28	25	36
EPI103320_A_Moscow_10_1999	CY088035_A_England_438_2003	2003.11.12	8.9	8	8	13	25.561	26	23	34
EPI103320_A_Moscow_10_1999	CY088115_A_England_467_2003	2003.11.6	7.894	7	7	12	26.533	27	24	35
EPI103320_A_Moscow_10_1999	CY088131_A_Scotland_78_2003	2003.11.7	8.894	8	8	13	26.535	27	24	35
EPI103320_A_Moscow_10_1999	CY088139_A_Scotland_79_2003	2003.11.8	8.9	8	8	13	24.559	25	22	33
EPI103320_A_Moscow_10_1999	CY088187_A_England_944_2003	2003.11.17	8.894	8	8	13	28.529	29	26	37
EPI103320_A_Moscow_10_1999	CY088251_A_England_525_2003	2003.11.27	7.894	7	7	12	27.533	28	25	36
EPI103320_A_Moscow_10_1999	CY088267_A_England_585_2003	2003.11.25	7.894	7	7	12	26.535	27	24	35
EPI103320_A_Moscow_10_1999	CY088275_A_England_487_2003	2003.11.24	7.894	7	7	12	27.529	28	25	36
EPI103320_A_Moscow_10_1999	CY088291_A_England_491_2003	2003.11.24	7.894	7	7	12	27.529	28	25	36
EPI103320_A_Moscow_10_1999	CY088323_A_England_508_2003	2003.11.27	7.894	7	7	12	26.53	27	24	35
EPI103320_A_Moscow_10_1999	CY088339_A_England_957_2003	2003.11.28	8.894	8	8	13	29.532	30	27	38
EPI103320_A_Moscow_10_1999	CY088363_A_England_558_2003	2003.12.5	7.366	7	6	10	15.213	15	14	24
EPI103320_A_Moscow_10_1999	CY088379_A_England_532_2003	2003.11.27	7.894	7	7	12	25.533	26	23	34
EPI103320_A_Moscow_10_1999	CY088387_A_England_522_2003	2003.12.12	7.894	7	7	12	25.531	26	23	34
EPI103320_A_Moscow_10_1999	CY088403_A_England_547_2003	2003.12.18	9.898	9	9	14	23.739	24	21	34
EPI103320_A_Moscow_10_1999	CY090956_A_South_Carolina_NHRC0002_2003	2003.11.13	8.894	8	8	13	26.529	27	24	35
EPI103320_A_Moscow_10_1999	CY091124_A_Missouri_NHRC0002_2004	2004.1.9	7.894	7	7	12	26.54	27	24	35
EPI103320_A_Moscow_10_1999	CY091468_A_California_NHRC0006_2003	2003.12.10	7.896	7	7	12	26.532	27	24	35
EPI103320_A_Moscow_10_1999	CY092216_A_Georgia_NHRC0001_2003	2003.12.5	8.894	8	8	13	27.529	28	25	36
EPI103320_A_Moscow_10_1999	CY107095_A_England_470_2003	2003.11.5	7.896	7	7	12	25.531	26	23	34
EPI103320_A_Moscow_10_1999	CY107111_A_England_516_2003	2003.11.20	9.9	9	9	14	25.561	26	23	34
EPI103320_A_Moscow_10_1999	CY107151_A_England_493_2003	2003.11.23	8.894	8	8	13	25.535	26	23	34
EPI103320_A_Moscow_10_1999	CY107167_A_England_532_2003	2003.11.27	7.894	7	7	12	25.531	26	23	34
EPI103320_A_Moscow_10_1999	CY112948_A_Netherlands_1_2002	2002.1.7	8.958	8	8	14	23.33	23	21	32
EPI103320_A_Moscow_10_1999	CY114324_A_Netherlands_3_2000	2000.1.6	3.672	4	3	6	8.364	9	2	15
EPI103320_A_Moscow_10_1999	CY114340_A_Netherlands_126_2001	2001.3.21	6.175	6	6	17	18.88	18	17	45
EPI103320_A_Moscow_10_1999	EPI358781_A_Fujian_411_2002	2002.7.1	5.36	5	4	8	9.517	9	9	19
EPI103320_A_Moscow_10_1999	EPI367109_A_California_7_2004	2004.9.16	10.364	10	9	13	20.24	20	19	29
EPI103320_A_Moscow_10_1999	KJ855376_A_Mexico_DIF835_2003	2003.7.4	5.364	5	4	8	11.537	11	11	21
EPI103320_A_Moscow_10_1999	KJ855448_A_Mexico_DIF2662_2003	2003.12.15	8.896	8	8	13	27.53	28	25	36
EPI358781_A_Fujian_411_2002	CY002007_A_New_York_359_2005	2005.1.17	5.575	6	3	8	15.5	16	10	22
EPI358781_A_Fujian_411_2002	CY002015_A_New_York_361_2005	2005.2.2	5.575	6	3	8	17.497	18	12	24
EPI358781_A_Fujian_411_2002	CY002079_A_New_York_396_2005	2005.3.4	5.577	6	3	8	18.504	19	13	25
EPI358781_A_Fujian_411_2002	CY002199_A_New_York_366_2004	2004.12.20	5.575	6	3	8	17.512	18	12	24
EPI358781_A_Fujian_411_2002	CY002231_A_New_York_372_2004	2004.12.22	5.575	6	3	8	17.494	18	12	24
EPI358781_A_Fujian_411_2002	CY002255_A_New_York_381_2004	2004.12.28	5.575	6	3	8	17.491	18	12	24
EPI358781_A_Fujian_411_2002	CY002263_A_New_York_383_2004	2004.12.29	7.577	8	5	10	17.498	18	12	24
EPI358781_A_Fujian_411_2002	CY002447_A_New_York_365_2004	2004.12.16	5.575	6	3	8	18.518	19	13	25
EPI358781_A_Fujian_411_2002	CY002463_A_New_York_373_2005	2005.2.22	5.577	6	3	8	20.77	21	15	27
EPI358781_A_Fujian_411_2002	CY002599_A_New_York_377_2004	2004.12.20	5.575	6	3	8	18.491	19	13	25
EPI358781_A_Fujian_411_2002	CY002719_A_New_York_319_2004	2004.11.8	5.575	6	3	8	17.492	18	12	24
EPI358781_A_Fujian_411_2002	CY002791_A_New_York_232_2004	2004.12.9	5.575	6	3	8	17.49	18	12	24
EPI358781_A_Fujian_411_2002	CY003079_A_New_York_123_2004	2004.12.16	5.575	6	3	8	17.491	18	12	24
EPI358781_A_Fujian_411_2002	CY003647_A_New_York_463_2005	2005.2.9	5.583	6	3	8	18.541	19	13	25
EPI358781_A_Fujian_411_2002	CY003671_A_New_York_471_2004	2004.11.8	6.575	7	4	9	16.488	17	11	23
EPI358781_A_Fujian_411_2002	CY006091_A_New_York_465_2005	2005.3.8	5.575	6	3	8	17.497	18	12	24
EPI358781_A_Fujian_411_2002	CY019156_A_New_York_900_2004	2004.12.22	5.575	6	3	8	17.494	18	12	24
EPI358781_A_Fujian_411_2002	CY019164_A_New_York_900_2004	2004.12.22	5.575	6	3	8	17.494	18	12	24
EPI358781_A_Fujian_411_2002	CY019180_A_New_York_905_2004	2004.12.27	5.575	6	3	8	17.491	18	12	24
EPI358781_A_Fujian_411_2002	CY019260_A_New_York_908_2004	2004.12.27	5.575	6	3	8	17.491	18	12	24
EPI358781_A_Fujian_411_2002	CY019300_A_New_York_913_2005	2005.1.10	5.575	6	3	8	18.491	19	13	25
EPI358781_A_Fujian_411_2002	CY019308_A_New_York_918_2005	2005.1.10	5.575	6	3	8	18.49	19	13	25
EPI358781_A_Fujian_411_2002	CY019324_A_New_York_918_2005	2005.1.10	5.575	6	3	8	18.49	19	13	25
EPI358781_A_Fujian_411_2002	CY020540_A_New_York_913_2005	2005.1.10	5.575	6	3	8	18.491	19	13	25
EPI358781_A_Fujian_411_2002	CY038686_A_Hong_Kong_HKU42_2005	2005.1.6	1.498	1	1	6	14.913	14	13	25
EPI358781_A_Fujian_411_2002	CY038702_A_Hong_Kong_HKU62_2005	2005.5.13	1.496	1	1	6	16.742	16	15	27
EPI358781_A_Fujian_411_2002	CY038710_A_Hong_Kong_HKU65_2005	2005.5.17	1.496	1	1	6	13.732	13	12	24
EPI358781_A_Fujian_411_2002	CY038718_A_Hong_Kong_HKU67_2005	2005.5.23	1.496	1	1	6	15.738	15	14	26
EPI358781_A_Fujian_411_2002	CY038734_A_Hong_Kong_HKU69_2005	2005.5.27	1.496	1	1	6	15.735	15	13	26
EPI358781_A_Fujian_411_2002	CY038742_A_Hong_Kong_HKU70_2005	2005.5.30	1.496	1	1	6	14.736	14	13	25
EPI358781_A_Fujian_411_2002	CY038758_A_Hong_Kong_HKU79_2005	2005.7.16	1.496	1	1	6	17.751	17	16	28
EPI358781_A_Fujian_411_2002	CY039054_A_Hong_Kong_HKU40_2004	2004.11.23	1.496	1	1	6	14.732	14	13	25
EPI358781_A_Fujian_411_2002	CY039062_A_Hong_Kong_HKU45_2005	2005.3.7	5.575	6	3	8	17.742	18	12	24
EPI358781_A_Fujian_411_2002	CY039070_A_Hong_Kong_HKU47_2005	2005.3.19	1.496	1	1	6	15.734	15	14	26
EPI358781_A_Fujian_411_2002	CY039214_A_Hong_Kong_HKU58_2005	2005.5.5	1.498	1	1	6	15.736	15	14	26
EPI358781_A_Fujian_411_2002	CY039230_A_Hong_Kong_HKU61_2005	2005.5.11	1.498	1	1	6	16.73	16	15	27
EPI358781_A_Fujian_411_2002	CY039238_A_Hong_Kong_HKU63_2005	2005.5.14	1.498	1	1	6	14.735	14	13	25
EPI358781_A_Fujian_411_2002	CY040329_A_Hong_Kong_HKU52_2005	2005.4.16	1.496	1	1	6	13.736	13	12	24
EPI358781_A_Fujian_411_2002	CY040345_A_Hong_Kong_HKU75_2005	2005.6.17	1.498	1	1	6	17.744	17	16	28
EPI358781_A_Fujian_411_2002	CY040353_A_Hong_Kong_HKU76_2005	2005.6.21	1.496	1	1	6	15.732	15	14	26
EPI358781_A_Fujian_411_2002	CY040361_A_Hong_Kong_HKU77_2005	2005.6.29	4.496	4	4	9	13.736	13	12	24
EPI358781_A_Fujian_411_2002	CY043767_A_Hong_Kong_HKU72_2005	2005.6.1	1.496	1	1	6	15.732	15	14	26
EPI358781_A_Fujian_411_2002	CY043775_A_Hong_Kong_HKU78_2005	2005.7.9	1.496	1	1	6	15.732	15	14	26
EPI358781_A_Fujian_411_2002	CY044404_A_Hong_Kong_HKU73_2005	2005.6.2	2.496	2	2	7	13.732	13	12	24
EPI358781_A_Fujian_411_2002	CY090996_A_South_Carolina_NHRC0001_2005	2005.2.11	7.577	8	5	10	19.514	20	14	27
EPI358781_A_Fujian_411_2002	CY091012_A_Illinois_NHRC0001_2005	2005.4.6	6.583	7	4	9	22.513	23	17	29
EPI358781_A_Fujian_411_2002	CY091140_A_Texas_NHRC0001_2005	2005.2.16	5.575	6	3	8	16.504	17	11	23
EPI358781_A_Fujian_411_2002	CY091316_A_Hong_Kong_NHRC0001_2005	2005.6.15	1.496	1	1	6	15.738	15	14	26
EPI358781_A_Fujian_411_2002	CY091436_A_California_NHRC0002_2005	2005.2.7	5.575	6	3	8	15.493	16	10	22
EPI358781_A_Fujian_411_2002	CY100575_A_Mexico_InDRE2246_2005	2005.9.11	1.498	1	1	6	15.734	15	14	26
EPI358781_A_Fujian_411_2002	CY112996_A_Netherlands_132_2004	2004.12.4	5.575	6	3	8	15.5	16	10	22
EPI358781_A_Fujian_411_2002	EPI502253_A_Wisconsin_67_2005	2005.1.1	1.496	1	1	6	16.732	16	15	27
EPI358781_A_Fujian_411_2002	KJ855424_A_Mexico_QUE2270_2005	2005.8.11	1.496	1	1	6	17.738	17	16	28
EPI358781_A_Fujian_411_2002	KJ855472_A_Mexico_TLA2227_2005	2005.9.11	1.496	1	1	6	16.732	16	15	27
EPI367109_A_California_7_2004	CY019866_A_New_York_938_2006	2006.3.2	9.566	10	7	12	31.575	32	26	37
EPI367109_A_California_7_2004	CY020372_A_New_York_938_2006	2006.3.2	9.566	10	7	12	31.573	32	26	37
EPI367109_A_California_7_2004	CY091036_A_Illinois_NHRC0002_2005	2005.12.23	11.568	12	9	14	31.551	32	26	37
EPI367109_A_California_7_2004	CY091532_A_California_NHRC0006_2005	2005.12.2	2.082	2	2	8	9.481	9	9	29
EPI367109_A_California_7_2004	CY113004_A_Netherlands_548_2005	2005.12.26	9.568	10	7	12	31.549	32	26	37
EPI367109_A_California_7_2004	CY172198_A_New_York_1001_2005	2005.11.10	10.568	11	8	13	30.547	31	25	36
EPI367109_A_California_7_2004	CY172390_A_New_York_1028_2006	2006.2.20	1.624	2	1	9	6.219	7	4	30
EPI502253_A_Wisconsin_67_2005	CY025428_A_California_UR06_0347_2007	2007.2.19	8.574	9	6	11	36.807	37	31	45
EPI502253_A_Wisconsin_67_2005	CY027570_A_Texas_UR06_0358_2007	2007.2.20	7.574	8	5	10	34.794	35	29	43
EPI502253_A_Wisconsin_67_2005	CY037310_A_Qatar_AF02_2008	2008.1.29	7.574	8	5	10	37.815	38	32	46
EPI502253_A_Wisconsin_67_2005	CY037326_A_Korea_AF05_2008	2008.2.19	7.576	8	5	10	39.835	40	34	48
EPI502253_A_Wisconsin_67_2005	CY039406_A_Taiwan_70002_2007	2007.1.2	1.007	1	1	3	10.401	10	9	14
EPI502253_A_Wisconsin_67_2005	CY039414_A_Taiwan_70113_2007	2007.1.15	2.006	2	2	4	9.388	9	8	13
EPI502253_A_Wisconsin_67_2005	CY040057_A_Taiwan_70307_2007	2007.2.3	1.008	1	1	3	8.403	8	7	27
EPI502253_A_Wisconsin_67_2005	CY040073_A_Taiwan_2361_2007	2007.11.12	9.578	10	7	12	39.768	40	34	47
EPI502253_A_Wisconsin_67_2005	CY040105_A_Taiwan_70120_2008	2008.1.15	7.572	8	5	10	34.832	35	29	43
EPI502253_A_Wisconsin_67_2005	CY044603_A_Boston_40_2008	2008.2.15	7.576	8	5	10	39.831	40	34	48
EPI502253_A_Wisconsin_67_2005	CY044827_A_Boston_88_2008	2008.4.16	7.572	8	5	10	36.8	37	31	45
EPI502253_A_Wisconsin_67_2005	CY113020_A_Netherlands_377_2008	2008.9.27	8.572	9	6	11	41.824	42	36	50
EPI502253_A_Wisconsin_67_2005	CY114404_A_Netherlands_363_2006	2006.12.24	7.608	8	5	12	41.918	42	36	48
EPI502253_A_Wisconsin_67_2005	CY114412_A_Netherlands_69_2007	2007.2.19	7.576	8	5	10	38.75	39	33	46
EPI502253_A_Wisconsin_67_2005	CY114420_A_Netherlands_348_2007	2007.11.6	7.574	8	5	10	34.798	35	29	43
EPI502253_A_Wisconsin_67_2005	CY173286_A_New_York_1155_2008	2008.3.27	7.572	8	5	10	38.807	39	33	47
EPI502253_A_Wisconsin_67_2005	EPI577980_A_Brisbane_10_2007	2007.2.6	7.58	8	5	11	35.804	36	30	44
EPI577980_A_Brisbane_10_2007	CY050611_A_New_York_3018_2009	2009.4.27	1.214	1	1	15	11.29	10	8	46
EPI577980_A_Brisbane_10_2007	CY050731_A_New_York_3143_2009	2009.4.30	1.214	1	1	15	11.302	10	8	50
EPI577980_A_Brisbane_10_2007	CY050795_A_New_York_3491_2009	2009.5.11	1.198	1	1	8	11.248	10	8	29
EPI577980_A_Brisbane_10_2007	CY050827_A_New_York_3738_2009	2009.5.20	2.214	2	2	16	12.295	11	7	51
EPI577980_A_Brisbane_10_2007	CY064830_A_California_VRDL138_2009	2009.4.29	1.218	1	1	15	7.325	6	6	46
EPI577980_A_Brisbane_10_2007	CY067976_A_California_VRDL339_2009	2009.5.4	1.214	1	1	15	9.331	8	8	48
EPI577980_A_Brisbane_10_2007	CY068104_A_California_VRDL368_2009	2009.4.27	1.225	1	1	15	14.501	13	12	53
EPI577980_A_Brisbane_10_2007	CY068208_A_California_VRDL170_2009	2009.4.28	1.218	1	1	15	10.319	9	9	49
EPI577980_A_Brisbane_10_2007	CY068232_A_California_VRDL188_2009	2009.4.29	1.218	1	1	15	5.313	4	4	46
EPI577980_A_Brisbane_10_2007	CY068296_A_California_VRDL247_2009	2009.4.29	0.215	0	0	14	6.304	5	5	45
EPI577980_A_Brisbane_10_2007	CY068336_A_California_VRDL260_2009	2009.5.1	1.214	1	1	15	7.331	6	6	46
EPI577980_A_Brisbane_10_2007	CY068360_A_California_VRDL263_2009	2009.4.30	1.214	1	1	15	7.331	6	6	46
EPI577980_A_Brisbane_10_2007	CY068416_A_California_VRDL277_2009	2009.4.30	1.214	1	1	15	10.326	9	9	49
EPI577980_A_Brisbane_10_2007	CY068480_A_California_VRDL309_2009	2009.5.2	1.218	1	1	15	6.325	5	5	45
EPI577980_A_Brisbane_10_2007	CY068640_A_California_VRDL394_2009	2009.4.28	0.215	0	0	14	6.304	5	5	47
EPI577980_A_Brisbane_10_2007	CY068781_A_California_VRDL205_2009	2009.4.29	0.218	0	0	14	4.311	3	3	45
EPI577980_A_Brisbane_10_2007	CY069322_A_Korea_WRAIR1038P_2009	2009.4.9	1.214	1	1	15	9.34	8	8	48
EPI577980_A_Brisbane_10_2007	CY069426_A_Japan_WRAIR1140P_2009	2009.2.9	0.214	0	0	14	8.323	7	6	47
EPI577980_A_Brisbane_10_2007	CY072221_A_New_York_20343_2010	2010.6.16	0.207	0	0	7	7.301	6	6	33
EPI577980_A_Brisbane_10_2007	CY077432_A_California_VRDL356_2009	2009.6.2	2.214	2	2	16	12.319	11	11	51
EPI577980_A_Brisbane_10_2007	CY084416_A_New_York_3918_2009	2009.6.5	1.214	1	1	15	11.3	10	8	50
EPI577980_A_Brisbane_10_2007	CY089740_A_Boston_40_2009	2009.2.27	0.218	0	0	14	6.312	5	4	47
EPI577980_A_Brisbane_10_2007	CY089756_A_Boston_75_2009	2009.1.16	1.218	1	1	15	7.325	6	6	46
EPI577980_A_Brisbane_10_2007	CY093237_A_South_Korea_WRAIR1171P_2009	2009.1.1	2.219	2	2	16	8.518	7	6	51
EPI577980_A_Brisbane_10_2007	CY093316_A_Kyrgyzstan_WRAIR1256P_2008	2008.12.1	1.218	1	1	15	6.32	5	5	45
EPI577980_A_Brisbane_10_2007	CY093348_A_Kuwait_WRAIR1561P_2009	2009.1.1	0.215	0	0	14	5.338	4	4	44
EPI577980_A_Brisbane_10_2007	CY106599_A_Hong_Kong_H090_671_V10_2009	2009.7.6	0.215	0	0	14	9.304	8	8	48
EPI577980_A_Brisbane_10_2007	CY106647_A_Hong_Kong_H090_689_V22_2009	2009.7.12	1.214	1	1	15	9.322	8	8	48
EPI577980_A_Brisbane_10_2007	CY106655_A_Hong_Kong_H090_692_V10_2009	2009.7.10	1.214	1	1	15	9.322	8	8	48
EPI577980_A_Brisbane_10_2007	CY106703_A_Hong_Kong_H090_714_V10_2009	2009.7.15	1.217	1	1	15	9.327	8	8	48
EPI577980_A_Brisbane_10_2007	CY106735_A_Hong_Kong_H090_720_V31_2009	2009.7.24	0.218	0	0	14	9.311	8	8	48
EPI577980_A_Brisbane_10_2007	CY106743_A_Hong_Kong_H090_724_V10_2009	2009.7.20	2.217	2	2	16	12.341	11	11	51
EPI577980_A_Brisbane_10_2007	CY106751_A_Hong_Kong_H090_724_V20_2009	2009.7.22	2.198	2	2	9	12.284	11	11	30
EPI577980_A_Brisbane_10_2007	CY106791_A_Hong_Kong_H090_733_V10_2009	2009.7.22	1.214	1	1	15	10.324	9	9	49
EPI577980_A_Brisbane_10_2007	CY106847_A_Hong_Kong_H090_739_V22_2009	2009.7.27	2.214	2	2	16	10.322	9	9	49
EPI577980_A_Brisbane_10_2007	CY106863_A_Hong_Kong_H090_739_V33_2009	2009.7.29	2.217	2	2	16	10.327	9	9	49
EPI577980_A_Brisbane_10_2007	CY106871_A_Hong_Kong_H090_741_V10_2009	2009.7.24	1.214	1	1	15	9.324	8	8	48
EPI577980_A_Brisbane_10_2007	CY106879_A_Hong_Kong_H090_747_V10_2009	2009.7.28	2.214	2	2	16	10.322	9	9	49
EPI577980_A_Brisbane_10_2007	CY113028_A_Netherlands_69_2009	2009.1.12	1.218	1	1	15	6.325	5	5	45
EPI577980_A_Brisbane_10_2007	CY113044_A_Netherlands_761_2009	2009.6.25	0.215	0	0	14	9.356	8	8	52
EPI577980_A_Brisbane_10_2007	CY115527_A_Hong_Kong_H090_689_V20_2009	2009.7.12	1.214	1	1	15	9.322	8	8	48
EPI577980_A_Brisbane_10_2007	CY115647_A_Hong_Kong_H090_726_V10_2009	2009.7.20	3.198	3	3	10	9.27	8	8	27
EPI577980_A_Brisbane_10_2007	CY115687_A_Hong_Kong_H090_734_V32_2009	2009.7.27	1.214	1	1	15	9.322	8	8	48
EPI577980_A_Brisbane_10_2007	CY115727_A_Hong_Kong_H090_739_V23_2009	2009.7.27	2.198	2	2	9	10.27	9	9	28
EPI577980_A_Brisbane_10_2007	CY115735_A_Hong_Kong_H090_739_V33_2009	2009.7.29	2.214	2	2	16	10.326	9	9	53
EPI577980_A_Brisbane_10_2007	CY147666_A_Mexico_24013_2008	2008.12.1	1.235	1	1	15	9.385	8	8	48
EPI577980_A_Brisbane_10_2007	EPI577969_A_Perth_16_2009	2009.4.7	1.198	1	1	8	11.288	10	10	29
EPI577980_A_Brisbane_10_2007	HQ664917_A_Nanjing_1655_2010	2010.9.10	2.235	2	2	16	10.368	9	8	49
EPI577980_A_Brisbane_10_2007	HQ664922_A_Nanjing_1654_2010	2010.9.10	3.23	3	3	17	11.941	11	8	49
EPI577980_A_Brisbane_10_2007	HQ664929_A_Nanjing_1663_2010	2010.9.10	1.232	1	1	15	10.365	9	8	49
EPI577980_A_Brisbane_10_2007	KY049985_A_Qinghai_178_2010	2010.3.15	1.231	1	1	15	9.548	8	7	48
EPI577969_A_Perth_16_2009	CY091580_A_Illinois_NHRC0002_2011	2011.1.19	1.032	1	1	15	15.552	15	15	55
EPI577969_A_Perth_16_2009	CY091588_A_California_NHRC0001_2011	2011.1.14	1.001	1	1	2	12.449	12	12	22
EPI577969_A_Perth_16_2009	CY092272_A_California_NHRC0003_2011	2011.1.28	1.025	1	1	15	12.531	12	12	52
EPI577969_A_Perth_16_2009	CY092288_A_California_NHRC0002_2011	2011.1.16	1.028	1	1	15	13.54	13	13	53
EPI577969_A_Perth_16_2009	CY093221_A_District_of_Columbia_WRAIR0300_2010	2010.11.17	4.03	4	4	18	14.552	14	14	54
EPI577969_A_Perth_16_2009	CY093540_A_Mexico_City_WRAIR3579T_2010	2010.12.9	2.028	2	2	16	12.534	12	12	50
EPI577969_A_Perth_16_2009	CY111165_A_Boston_DOA05_2011	2011.1.11	1.025	1	1	15	15.558	15	15	55
EPI577969_A_Perth_16_2009	CY111309_A_Boston_DOA48_2011	2011.2.16	1.03	1	1	15	18.603	18	17	58
EPI577969_A_Perth_16_2009	CY111317_A_Boston_DOA51_2011	2011.2.18	1.027	1	1	15	17.61	17	16	57
EPI577969_A_Perth_16_2009	CY111421_A_Boston_DOA78_2011	2011.3.14	1.028	1	1	15	15.563	15	15	55
EPI577969_A_Perth_16_2009	CY114428_A_Netherlands_063_2011	2011.1.5	2.041	2	2	16	16.8	16	15	56
EPI577969_A_Perth_16_2009	CY114516_A_Netherlands_034_2010	2010.12.23	1.028	1	1	15	13.537	13	13	53
EPI577969_A_Perth_16_2009	CY134520_A_Boston_DOA38_2011	2011.2.12	1.025	1	1	15	15.576	15	15	55
EPI577969_A_Perth_16_2009	CY134568_A_Boston_DOA47_2011	2011.2.14	1.025	1	1	15	14.531	14	14	54
EPI577969_A_Perth_16_2009	CY167515_A_Tennessee_F2018A_2011	2011.1.24	1.028	1	1	15	12.538	12	12	52
EPI577969_A_Perth_16_2009	CY167571_A_Tennessee_F2031A_2011	2011.2.7	2.027	2	2	16	12.545	12	12	52
EPI577969_A_Perth_16_2009	EPI417234_A_Victoria_361_2011	2011.10.24	2.012	2	2	8	17.509	17	17	44
EPI577969_A_Perth_16_2009	EPI556813_A_Texas_50_2012	2012.4.15	1.028	1	1	15	16.545	16	16	56
EPI577969_A_Perth_16_2009	KC882441_A_Iowa_19_2010	2010.12.30	1.025	1	1	15	13.529	13	13	53
EPI577969_A_Perth_16_2009	KC882476_A_Texas_24_2010	2010.12.31	1.028	1	1	15	19.557	19	19	59
EPI577969_A_Perth_16_2009	KC882565_A_New_Jersey_01_2011	2011.1.11	1.027	1	1	15	18.612	18	17	58
EPI577969_A_Perth_16_2009	KC882641_A_Texas_06_2011	2011.2.5	1.028	1	1	15	12.542	12	12	52
EPI577969_A_Perth_16_2009	KC892843_A_Nevada_12_2012	2012.3.30	2.042	2	2	16	23.651	23	23	63
EPI577969_A_Perth_16_2009	KR137644_A_Bethesda_NIH12_2011	2011.2.15	5.031	5	5	19	20.589	20	20	60
EPI577969_A_Perth_16_2009	KT888257_A_Moscow_1514A00504942N_2012	2012.1.19	5.031	5	5	19	15.617	15	15	55
EPI577969_A_Perth_16_2009	KT888258_A_Moscow_1514A00504950T_2012	2012.1.11	1.029	1	1	15	16.628	16	16	56
EPI577969_A_Perth_16_2009	KT888259_A_Moscow_1514A00505149T_2012	2012.4.12	3.31	3	3	17	21.594	21	21	61
EPI577969_A_Perth_16_2009	KT888260_A_Moscow_1514A00505153N_2012	2012.3.23	3.293	3	3	9	21.553	21	21	48
EPI577969_A_Perth_16_2009	KT888261_A_Moscow_1514A00505162N_2012	2012.4.13	3.307	3	3	17	21.587	21	21	61
EPI577969_A_Perth_16_2009	KT888262_A_Mexico_City_1514A00904139N_CP2_2010	2010.12.29	1.025	1	1	15	13.528	13	12	52
EPI577969_A_Perth_16_2009	KT888267_A_Amman_1514A01004462T_2012	2012.1.11	1.029	1	1	15	15.548	15	15	57
EPI577969_A_Perth_16_2009	KT888268_A_Amman_1514A01004465T_2011	2011.12.5	1.029	1	1	15	15.54	15	15	55
EPI577969_A_Perth_16_2009	KT888275_A_Hong_Kong_1514A01704826T_2011	2011.11.15	1.028	1	1	15	15.545	15	15	55
EPI577969_A_Perth_16_2009	KT888279_A_Prague_1514A06404885N_2012	2012.4.12	1.011	1	1	7	14.503	14	14	41
EPI577969_A_Perth_16_2009	KT888281_A_Sarajevo_1514A06604486N_2012	2012.1.11	2.526	2	2	16	15.026	15	14	54
EPI577969_A_Perth_16_2009	KT888283_A_Budapest_1514A07804502N_2011	2011.12.12	1.032	1	1	15	17.611	17	17	57
EPI577969_A_Perth_16_2009	KT888944_A_Yokosuka_SE680_2012	2012.1.24	1.029	1	1	15	18.628	18	18	58
EPI577969_A_Perth_16_2009	KT888945_A_Yokosuka_SE863_2012	2012.2.3	1.029	1	1	15	19.632	19	19	59
EPI577969_A_Perth_16_2009	KT889082_A_Japan_17_2012	2012.1.31	1.029	1	1	15	19.63	19	19	59
EPI577969_A_Perth_16_2009	KT889083_A_Korea_18_2012	2012.1.24	2.025	2	2	16	16.551	16	16	56
EPI577969_A_Perth_16_2009	KT889087_A_Japan_22_2011	2011.12.20	2.028	2	2	16	16.537	16	16	56
EPI577969_A_Perth_16_2009	KT889091_A_Japan_26_2012	2012.3.5	4.034	4	4	18	19.47	19	17	57
EPI577969_A_Perth_16_2009	KT889099_A_Korea_37_2012	2012.1.19	1.025	1	1	15	16.543	16	16	56
EPI577969_A_Perth_16_2009	KT889102_A_Kyrgyzstan_40_2012	2012.1.12	1.025	1	1	15	16.538	16	16	56
EPI577969_A_Perth_16_2009	KT889103_A_Kyrgyzstan_41_2012	2012.1.12	1.025	1	1	15	15.548	15	15	55
EPI577969_A_Perth_16_2009	KT889104_A_Japan_42_2012	2012.1.31	1.029	1	1	15	19.632	19	19	59
EPI577969_A_Perth_16_2009	KT889105_A_Japan_43_2012	2012.2.5	1.029	1	1	15	19.628	19	19	59
EPI577969_A_Perth_16_2009	KT889107_A_Korea_45_2012	2012.1.13	1.029	1	1	15	20.638	20	20	60
EPI577969_A_Perth_16_2009	KT889108_A_Korea_47_2012	2012.1.20	2.025	2	2	16	16.551	16	16	56
EPI577969_A_Perth_16_2009	MK640845_A_China_38887_2012	2012.8.29	2.029	2	2	16	18.554	18	18	58
EPI577969_A_Perth_16_2009	MK640846_A_China_38888_2012	2012.8.29	1.025	1	1	15	15.544	15	15	55
EPI577969_A_Perth_16_2009	MK640847_A_China_39207_2012	2012.9.26	1.025	1	1	15	17.548	17	17	57
EPI577969_A_Perth_16_2009	MK729833_A_New_York_WC_LVD_10_001_2010	2010.11.4	2.028	2	2	16	13.565	13	13	53
EPI577969_A_Perth_16_2009	MK729873_A_New_York_WC_LVD_10_006_2010	2010.12.16	4.873	5	4	20	16.562	17	13	61
EPI417234_A_Victoria_361_2011	CY134779_A_Texas_JMM_8_2012	2012.11.20	1.026	1	1	15	19.267	19	18	63
EPI417234_A_Victoria_361_2011	CY135131_A_Texas_JMM_54_2012	2012.12.6	2.024	2	2	16	10.761	11	10	62
EPI417234_A_Victoria_361_2011	CY148427_A_Boston_DOA2_112_2012	2012.12.4	1.003	1	1	3	8.612	9	7	12
EPI417234_A_Victoria_361_2011	CY148547_A_Boston_DOA2_128_2012	2012.12.18	1.02	1	1	15	7.737	8	6	59
EPI417234_A_Victoria_361_2011	CY148707_A_Boston_DOA2_149_2013	2013.1.9	2.02	2	2	16	4.701	5	4	56
EPI417234_A_Victoria_361_2011	CY148787_A_Boston_DOA2_161_2013	2013.1.2	1.02	1	1	15	7.734	8	6	59
EPI417234_A_Victoria_361_2011	CY148923_A_Boston_DOA2_180_2013	2013.1.13	2.015	2	2	16	4.663	5	4	56
EPI417234_A_Victoria_361_2011	CY149131_A_Boston_DOA2_218_2013	2013.1.15	1.018	1	1	15	7.691	8	7	59
EPI417234_A_Victoria_361_2011	CY149323_A_Boston_DOA2_245_2013	2013.1.25	2.015	2	2	16	5.663	6	5	57
EPI417234_A_Victoria_361_2011	CY167934_A_Boston_YGA_00008_2012	2012.12.19	1.018	1	1	15	5.686	6	5	57
EPI417234_A_Victoria_361_2011	CY168094_A_Boston_YGA_00035_2013	2013.1.10	2.018	2	2	16	6.709	7	6	58
EPI417234_A_Victoria_361_2011	CY168238_A_Boston_YGA_00054_2013	2013.1.24	2.018	2	2	16	4.705	5	4	56
EPI417234_A_Victoria_361_2011	CY168846_A_Boston_YGA_01045_2012	2012.12.25	1.024	1	1	15	17.27	17	16	61
EPI417234_A_Victoria_361_2011	CY168878_A_Boston_YGA_01049_2012	2012.12.26	2.02	2	2	16	10.746	11	10	62
EPI417234_A_Victoria_361_2011	CY169366_A_Boston_YGA_01115_2013	2013.1.1	1.018	1	1	15	5.702	6	5	57
EPI417234_A_Victoria_361_2011	CY169798_A_Boston_YGA_01173_2013	2013.1.17	1.018	1	1	15	7.69	8	7	59
EPI417234_A_Victoria_361_2011	CY169878_A_Boston_YGA_01186_2013	2013.1.21	1.02	1	1	15	4.865	5	4	56
EPI417234_A_Victoria_361_2011	CY170126_A_Boston_YGA_02003_2012	2012.12.17	1.018	1	1	15	4.69	5	4	56
EPI417234_A_Victoria_361_2011	CY170350_A_Boston_YGA_02039_2013	2013.1.19	1.018	1	1	15	5.713	6	5	57
EPI417234_A_Victoria_361_2011	CY170574_A_Santa_Clara_YGA_03016_2013	2013.1.17	1.024	1	1	15	8.769	9	8	60
EPI417234_A_Victoria_361_2011	CY170998_A_Santa_Clara_YGA_03074_2013	2013.1.8	1.02	1	1	15	6.833	7	6	58
EPI417234_A_Victoria_361_2011	CY171246_A_Chicago_YGA_04053_2012	2012.12.18	1.02	1	1	15	7.745	8	7	59
EPI417234_A_Victoria_361_2011	CY171270_A_Chicago_YGA_04056_2012	2012.12.18	1.018	1	1	15	6.724	7	6	58
EPI417234_A_Victoria_361_2011	CY171342_A_Chicago_YGA_04090_2012	2012.12.26	1.024	1	1	15	10.764	11	10	62
EPI417234_A_Victoria_361_2011	CY171406_A_Chicago_YGA_04102_2012	2012.12.27	1.02	1	1	15	7.744	8	7	59
EPI417234_A_Victoria_361_2011	CY171638_A_Chicago_YGA_04135_2013	2013.1.3	1.02	1	1	15	8.755	9	8	60
EPI417234_A_Victoria_361_2011	CY171734_A_Chicago_YGA_04198_2013	2013.1.23	1.026	1	1	15	19.311	19	18	63
EPI417234_A_Victoria_361_2011	CY182800_A_Houston_JMM_74_2012	2012.12.15	1.024	1	1	15	8.76	9	8	60
EPI417234_A_Victoria_361_2011	CY182848_A_Houston_JMM_80_2012	2012.12.18	1.02	1	1	15	7.744	8	7	59
EPI417234_A_Victoria_361_2011	CY182880_A_Houston_JMM_85_2012	2012.12.19	1.02	1	1	15	7.741	8	7	59
EPI417234_A_Victoria_361_2011	CY182960_A_Houston_JMM_96_2012	2012.12.29	2.02	2	2	16	8.744	9	8	60
EPI417234_A_Victoria_361_2011	CY183136_A_Houston_JMM_120_2013	2013.1.8	1.018	1	1	15	4.702	5	4	56
EPI417234_A_Victoria_361_2011	CY207362_A_New_York_WC_LVD_14_073_2014	2014.12.3	1.024	1	1	15	11.738	12	11	63
EPI417234_A_Victoria_361_2011	CY207634_A_New_York_WC_LVD_14_094_2014	2014.12.26	3.022	3	3	17	13.791	14	11	63
EPI417234_A_Victoria_361_2011	CY207882_A_New_York_WC_LVD_14_097_2014	2014.11.10	1.022	1	1	15	13.749	14	13	67
EPI417234_A_Victoria_361_2011	EPI614441_A_Switzerland_9715293_2013	2013.12.6	2.023	2	2	16	12.749	13	12	62
EPI417234_A_Victoria_361_2011	KF034876_A_Suzhou_1275_2013	2013.4.4	1.02	1	1	15	4.737	5	4	56
EPI417234_A_Victoria_361_2011	KR057629_A_Hawaii_39_2014	2014.8.13	2.032	2	2	16	25.505	25	24	77
EPI417234_A_Victoria_361_2011	KR057691_A_California_18_2014	2014.8.8	1.026	1	1	15	16.787	17	15	68
EPI417234_A_Victoria_361_2011	KT835748_A_Maryland_02_2015	2015.1.24	2.028	2	2	16	12.745	13	12	64
EPI417234_A_Victoria_361_2011	KT835964_A_California_20_2015	2015.1.20	3.028	3	3	17	26.444	26	25	70
EPI417234_A_Victoria_361_2011	KT836015_A_North_Carolina_25_2015	2015.1.25	1.026	1	1	15	13.791	14	13	65
EPI417234_A_Victoria_361_2011	KT836198_A_North_Carolina_03_2015	2015.1.20	2.026	2	2	16	11.743	12	11	63
EPI417234_A_Victoria_361_2011	KT836316_A_West_Virginia_07_2015	2015.1.25	2.026	2	2	16	12.761	13	12	64
EPI417234_A_Victoria_361_2011	KT836426_A_Iowa_12_2015	2015.1.30	1.024	1	1	15	15.757	16	15	67
EPI417234_A_Victoria_361_2011	KT837113_A_California_19_2014	2014.9.4	2.024	2	2	16	11.739	12	11	63
EPI417234_A_Victoria_361_2011	KT837844_A_Colorado_15_2014	2014.10.4	2.024	2	2	16	10.741	11	10	64
EPI417234_A_Victoria_361_2011	KT837873_A_Mississippi_05_2014	2014.10.14	1.022	1	1	15	15.749	16	15	67
EPI417234_A_Victoria_361_2011	KT838103_A_Maryland_28_2014	2014.10.14	2.024	2	2	16	13.745	14	13	65
EPI417234_A_Victoria_361_2011	KT838296_A_Minnesota_28_2014	2014.10.18	1.026	1	1	15	10.752	11	10	62
EPI417234_A_Victoria_361_2011	KT838328_A_Louisiana_11_2014	2014.10.21	3.034	3	3	17	26.465	26	25	72
EPI417234_A_Victoria_361_2011	KT838891_A_Georgia_04_2014	2014.11.20	1.026	1	1	15	10.746	11	10	62
EPI417234_A_Victoria_361_2011	KT838993_A_Missouri_11_2014	2014.11.18	4.028	4	4	18	26.446	26	25	70
EPI417234_A_Victoria_361_2011	KT839062_A_Texas_62_2014	2014.11.3	2.026	2	2	16	10.737	11	10	62
EPI417234_A_Victoria_361_2011	KT839395_A_Pennsylvania_49_2014	2014.11.28	2.024	2	2	16	11.739	12	11	63
EPI417234_A_Victoria_361_2011	KT839657_A_Alabama_10_2014	2014.12.4	1.026	1	1	15	13.755	14	13	65
EPI417234_A_Victoria_361_2011	KT840076_A_Tennessee_15_2014	2014.12.9	2.024	2	2	16	11.745	12	11	63
EPI417234_A_Victoria_361_2011	KT840285_A_Virginia_37_2014	2014.12.5	1.022	1	1	15	11.743	12	11	63
EPI417234_A_Victoria_361_2011	KT840798_A_Massachusetts_23_2014	2014.12.14	1.024	1	1	15	11.738	12	11	63
EPI417234_A_Victoria_361_2011	KT840865_A_Washington_60_2014	2014.12.23	3.034	3	3	17	26.503	26	25	70
EPI417234_A_Victoria_361_2011	KT841078_A_California_43_2014	2014.12.23	1.024	1	1	15	12.743	13	12	64
EPI417234_A_Victoria_361_2011	KT841228_A_North_Carolina_06_2015	2015.1.7	3.025	3	3	17	25.418	25	24	73
EPI417234_A_Victoria_361_2011	KT841571_A_Rhode_Island_05_2015	2015.1.7	1.026	1	1	15	13.748	14	13	65
EPI417234_A_Victoria_361_2011	KT841585_A_South_Dakota_01_2015	2015.1.5	2.026	2	2	16	10.743	11	10	62
EPI417234_A_Victoria_361_2011	KT841691_A_Kentucky_01_2015	2015.1.1	2.026	2	2	16	10.745	11	10	62
EPI417234_A_Victoria_361_2011	KT841712_A_Wisconsin_02_2015	2015.1.6	3.026	3	3	17	11.743	12	11	63
EPI417234_A_Victoria_361_2011	KT842043_A_Indiana_13_2015	2015.2.17	1.024	1	1	15	12.772	13	12	64
EPI417234_A_Victoria_361_2011	KT842079_A_Pennsylvania_05_2015	2015.2.6	1.026	1	1	15	12.746	13	12	64
EPI417234_A_Victoria_361_2011	KT842218_A_Delaware_18_2015	2015.2.23	1.024	1	1	15	12.766	13	12	64
EPI417234_A_Victoria_361_2011	KT842837_A_South_Dakota_35_2015	2015.3.14	1.028	1	1	15	12.758	13	12	64
EPI417234_A_Victoria_361_2011	KT842864_A_North_Dakota_06_2015	2015.3.8	2.032	2	2	16	13.771	14	13	65
EPI417234_A_Victoria_361_2011	KT843589_A_Iowa_34_2015	2015.7.30	2.024	2	2	16	14.743	15	14	66
EPI417234_A_Victoria_361_2011	KT843646_A_Alaska_26_2015	2015.6.14	1.024	1	1	15	14.751	15	14	66
EPI417234_A_Victoria_361_2011	KT843896_A_Ohio_26_2015	2015.8.17	1.024	1	1	15	12.749	13	12	64
EPI417234_A_Victoria_361_2011	KT844012_A_Iowa_28_2015	2015.7.30	1.024	1	1	15	14.743	15	14	66
EPI417234_A_Victoria_361_2011	KT844048_A_Washington_36_2015	2015.5.10	1.026	1	1	15	10.763	11	10	64
EPI417234_A_Victoria_361_2011	KT844075_A_Alaska_69_2015	2015.6.26	2.024	2	2	16	13.746	14	13	65
EPI417234_A_Victoria_361_2011	KT888272_A_Kabul_1514A01305430N_2013	2013.1.7	1.018	1	1	15	4.688	5	4	56
EPI417234_A_Victoria_361_2011	KT888276_A_Taipei_1514A02605215N_2013	2013.5.7	1.018	1	1	15	5.734	6	5	57
EPI417234_A_Victoria_361_2011	KT888277_A_Taipei_1514A02605215T_2013	2013.5.7	1.022	1	1	15	5.751	6	5	57
EPI417234_A_Victoria_361_2011	KT888280_A_Pristina_1514A06505401N_2013	2013.2.6	1.022	1	1	15	6.754	7	6	60
EPI417234_A_Victoria_361_2011	KT888284_A_Budapest_1514A07805419T_2013	2013.2.5	2.017	2	2	16	3.686	4	3	55
EPI417234_A_Victoria_361_2011	KT888285_A_Budapest_1514A07805832T_2013	2013.2.6	2.018	2	2	16	3.701	4	3	55
EPI417234_A_Victoria_361_2011	KU589864_A_New_Hampshire_40_2015	2015.9.14	1.03	1	1	19	10.766	11	10	68
EPI417234_A_Victoria_361_2011	KU590701_A_Ohio_28_2015	2015.9.17	1.028	1	1	15	15.749	16	15	67
EPI417234_A_Victoria_361_2011	KY116931_A_Alaska_232_2015	2015.9.9	3.022	3	3	17	13.714	14	13	65
EPI417234_A_Victoria_361_2011	KY487521_A_Columbia_P0079_2014	2014.12.25	1.024	1	1	15	10.744	11	10	62
EPI417234_A_Victoria_361_2011	KY509828_A_Seoul_1595_2015	2015.9.14	2.053	2	2	16	26.534	25	22	71
EPI417234_A_Victoria_361_2011	KY615536_A_Columbia_P0112_2014	2014.12.27	1.022	1	1	15	11.749	12	11	63
EPI417234_A_Victoria_361_2011	KY681484_A_Saudi_Arabia_07_2014	2014.10.4	2.02	2	2	16	14.113	14	13	63
EPI417234_A_Victoria_361_2011	KY681500_A_Saudi_Arabia_28_2015	2015.9.25	1.024	1	1	15	15.745	16	15	67
EPI417234_A_Victoria_361_2011	LC032870_A_Kyoto_13K025_2014	2014.2.5	2.029	2	2	16	26.535	26	25	70
EPI417234_A_Victoria_361_2011	LC032886_A_Kyoto_13K054_2014	2014.2.13	1.018	1	1	15	7.723	8	7	59
EPI417234_A_Victoria_361_2011	LC032990_A_Hokkaido_13H009_2014	2014.1.14	2.027	2	2	16	24.44	24	23	68
EPI417234_A_Victoria_361_2011	LC033126_A_Niigata_13F024_2014	2014.1.31	2.02	2	2	16	10.743	11	10	64
EPI417234_A_Victoria_361_2011	LC033134_A_Niigata_13F335_2014	2014.3.3	1.024	1	1	15	9.73	10	9	61
EPI417234_A_Victoria_361_2011	LC033302_A_Nagasaki_13N004_2014	2014.1.2	1.004	1	1	3	6.675	7	6	38
EPI417234_A_Victoria_361_2011	LC033310_A_Nagasaki_13N007_2014	2014.1.13	1.018	1	1	15	8.723	9	8	60
EPI417234_A_Victoria_361_2011	LC033326_A_Nagasaki_13N046_2014	2014.1.30	1.005	1	1	3	11.648	12	11	15
EPI417234_A_Victoria_361_2011	MK640848_A_China_41303_2012	2012.12.24	1.018	1	1	15	4.709	5	4	56
EPI417234_A_Victoria_361_2011	MK640849_A_China_41304_2012	2012.12.24	1.022	1	1	15	4.701	5	4	56
EPI417234_A_Victoria_361_2011	MK640850_A_China_41678_2013	2013.1.5	2.022	2	2	16	8.773	9	8	60
EPI417234_A_Victoria_361_2011	MK640851_A_China_41691_2013	2013.1.5	1.012	1	1	8	5.718	6	5	37
EPI417234_A_Victoria_361_2011	MK640852_A_China_44381_2013	2013.4.9	1.018	1	1	15	6.723	7	6	58
EPI417234_A_Victoria_361_2011	MK640853_A_China_51045_2013	2013.12.29	1.018	1	1	15	7.721	8	7	59
EPI417234_A_Victoria_361_2011	MK640854_A_China_51323_2014	2014.1.6	1.018	1	1	15	6.723	7	6	58
EPI417234_A_Victoria_361_2011	MK640855_A_China_51340_2014	2014.1.6	2.012	2	2	9	9.729	10	9	41
EPI417234_A_Victoria_361_2011	MK640856_A_China_55254_2014	2014.5.8	2.026	2	2	18	12.758	13	12	64
EPI417234_A_Victoria_361_2011	MK640857_A_China_55312_2014	2014.5.13	2.02	2	2	16	10.737	11	10	62
EPI417234_A_Victoria_361_2011	MK640859_A_China_59100_2014	2014.11.14	3.02	3	3	17	11.081	11	9	63
EPI417234_A_Victoria_361_2011	MK640865_A_China_60938_2014	2014.12.9	2.022	2	2	16	14.743	15	14	66
EPI417234_A_Victoria_361_2011	MK640867_A_China_J7525_2014	2014.12.9	2.02	2	2	16	12.743	13	12	64
EPI417234_A_Victoria_361_2011	MK640868_A_China_J7506_2014	2014.12.9	2.024	2	2	16	13.747	14	13	65
EPI417234_A_Victoria_361_2011	MK640871_A_China_60701_2014	2014.12.11	2.026	2	2	16	14.768	15	14	66
EPI417234_A_Victoria_361_2011	MK640877_A_China_61248_2014	2014.12.16	2.02	2	2	16	13.741	14	13	65
EPI417234_A_Victoria_361_2011	MK640878_A_China_61391_2014	2014.12.18	2.024	2	2	16	10.739	11	10	62
EPI417234_A_Victoria_361_2011	MK640879_A_China_61007_2014	2014.12.18	2.02	2	2	16	13.757	14	13	65
EPI417234_A_Victoria_361_2011	MK640881_A_China_60736_2014	2014.12.18	2.02	2	2	16	11.757	12	11	65
EPI417234_A_Victoria_361_2011	MK640882_A_China_60786_2014	2014.12.18	3.02	3	3	17	13.749	14	13	65
EPI417234_A_Victoria_361_2011	MK640885_A_China_61309_2014	2014.12.18	3.02	3	3	17	12.743	13	12	64
EPI417234_A_Victoria_361_2011	MK640887_A_China_61520_2014	2014.12.19	3.021	3	3	17	12.749	13	12	64
EPI417234_A_Victoria_361_2011	MK640892_A_China_61481_2014	2014.12.23	2.02	2	2	16	13.753	14	13	67
EPI417234_A_Victoria_361_2011	MK640894_A_China_62885_2015	2015.1.27	2.022	2	2	16	12.817	13	12	64
EPI417234_A_Victoria_361_2011	MK640895_A_China_62889_2015	2015.1.27	3.021	3	3	17	12.768	13	12	64
EPI417234_A_Victoria_361_2011	MK640896_A_China_62895_2015	2015.1.27	2.022	2	2	16	13.769	14	13	67
EPI417234_A_Victoria_361_2011	MK640897_A_China_63513_2015	2015.2.17	3.023	3	3	17	14.784	15	14	66
EPI417234_A_Victoria_361_2011	MK640899_A_China_66886_2015	2015.7.22	2.024	2	2	16	13.752	14	13	65
EPI417234_A_Victoria_361_2011	MK640901_A_China_67013_2015	2015.8.24	3.009	3	3	5	12.884	13	12	17
EPI417234_A_Victoria_361_2011	MK730233_A_New_York_WC_LVD_12_051_2012	2012.10.5	1.015	1	1	15	5.637	6	5	57
EPI417234_A_Victoria_361_2011	MK730273_A_New_York_WC_LVD_12_057_2012	2012.12.7	2.018	2	2	16	4.701	5	4	56
EPI417234_A_Victoria_361_2011	MK730497_A_New_York_WC_LVD_12_086_2012	2012.12.17	2.018	2	2	16	6.691	7	6	58
EPI417234_A_Victoria_361_2011	MK817973_A_Maryland_178_5D_2013	2013.2.7	1.018	1	1	15	6.705	7	6	58
EPI417234_A_Victoria_361_2011	MK818117_A_Maryland_63_5D_2013	2013.1.11	1.018	1	1	15	6.715	7	6	58
EPI417234_A_Victoria_361_2011	MK969839_A_Maryland_127_17D_2013	2013.2.4	2.015	2	2	16	4.663	5	4	56
EPI417234_A_Victoria_361_2011	MK970023_A_Maryland_22_1_2012	2012.12.12	1.022	1	1	15	5.715	6	5	57
EPI614441_A_Switzerland_9715293_2013	CY208845_A_Texas_182_2016	2016.8.31	1.018	1	1	3	23.402	23	21	51
EPI614441_A_Switzerland_9715293_2013	CY264049_A_Arizona_67_2016	2016.5.4	2.024	2	2	4	21.335	21	18	53
EPI614441_A_Switzerland_9715293_2013	EPI686117_A_Hong_Kong_15611_2015	2015.10.19	2.016	2	2	4	20.331	20	17	52
EPI614441_A_Switzerland_9715293_2013	KU591160_A_Hawaii_68_2015	2015.10.5	1.014	1	1	3	17.335	17	14	45
EPI614441_A_Switzerland_9715293_2013	KU592163_A_Hawaii_74_2015	2015.10.9	1.024	1	1	15	23.361	23	20	73
EPI614441_A_Switzerland_9715293_2013	KU592184_A_South_Dakota_39_2015	2015.10.13	1.014	1	1	3	18.345	18	15	46
EPI614441_A_Switzerland_9715293_2013	KX412042_A_Iowa_45_2015	2015.10.22	1.016	1	1	3	16.326	16	13	44
EPI614441_A_Switzerland_9715293_2013	KX413283_A_Georgia_40_2016	2016.3.6	2.012	2	2	4	15.494	15	15	43
EPI614441_A_Switzerland_9715293_2013	KX414582_A_Washington_26_2016	2016.1.19	1.016	1	1	3	19.374	19	16	47
EPI614441_A_Switzerland_9715293_2013	KX416117_A_Washington_47_2016	2016.3.14	2.014	2	2	4	23.378	23	20	51
EPI614441_A_Switzerland_9715293_2013	KX416429_A_Hawaii_28_2016	2016.2.29	1.016	1	1	3	20.411	20	17	48
EPI614441_A_Switzerland_9715293_2013	KX416829_A_Washington_55_2016	2016.4.12	2.02	2	2	4	18.504	18	18	46
EPI614441_A_Switzerland_9715293_2013	KX417005_A_Texas_136_2016	2016.4.22	1.45	1	1	15	15.523	15	15	65
EPI614441_A_Switzerland_9715293_2013	KX916993_A_California_12_2016	2016.1.12	1.016	1	1	3	18.341	18	15	46
EPI614441_A_Switzerland_9715293_2013	KX918281_A_Kentucky_26_2016	2016.4.25	2.015	2	2	7	16.501	16	16	51
EPI614441_A_Switzerland_9715293_2013	KY115915_A_Nebraska_24_2016	2016.9.19	1.016	1	1	3	22.388	22	20	50
EPI614441_A_Switzerland_9715293_2013	KY487603_A_Taipei_0020_2016	2016.1.5	2.02	2	2	4	20.336	20	17	52
EPI614441_A_Switzerland_9715293_2013	KY487612_A_Linkou_0081_2016	2016.1.26	2.016	2	2	4	20.415	20	17	54
EPI614441_A_Switzerland_9715293_2013	KY509826_A_Chungbuk_107_2016	2016.1.18	3.058	3	3	17	36.573	35	29	80
EPI614441_A_Switzerland_9715293_2013	KY509827_A_Gyeonggi_458_2016	2016.2.22	2.038	2	2	4	28.49	27	19	50
EPI614441_A_Switzerland_9715293_2013	KY615384_A_Keelung_0026_2016	2016.1.15	1.014	1	1	3	20.352	20	17	48
EPI614441_A_Switzerland_9715293_2013	KY615571_A_Taipei_0011_2015	2015.12.24	2.016	2	2	4	19.343	19	16	53
EPI614441_A_Switzerland_9715293_2013	MG984174_A_Shanghai_1_2016	2016.9.14	2.018	2	2	4	22.335	22	19	54
EPI614441_A_Switzerland_9715293_2013	MK640903_A_China_70219_2015	2015.12.25	2.014	2	2	4	20.314	20	17	50
EPI614441_A_Switzerland_9715293_2013	MK640906_A_China_71516_2016	2016.1.25	2.016	2	2	4	22.349	22	19	54
EPI686117_A_Hong_Kong_15611_2015	1444950_A_Chepstow_1180_2019	2019.3.25	3.006	3	3	5	7.711	8	7	31
EPI686117_A_Hong_Kong_15611_2015	1448200_A_Louisiana_34_2019	2019.4.24	0.033	0	0	16	13.437	13	12	86
EPI686117_A_Hong_Kong_15611_2015	1479371_A_Hawaii_31_2019	2019.4.17	2.017	2	2	6	12.632	12	12	66
EPI686117_A_Hong_Kong_15611_2015	1548016_A_Cheboksary_153_2019	2019.3.18	3.009	3	3	7	9.759	10	9	61
EPI686117_A_Hong_Kong_15611_2015	1548064_A_Tomsk_155_2019	2019.3.11	1.014	1	1	8	8.751	9	7	63
EPI686117_A_Hong_Kong_15611_2015	1548211_A_Mexico_1952_2019	2019.5.7	0.013	0	0	4	13.574	13	13	67
EPI686117_A_Hong_Kong_15611_2015	1592032_A_Hong_Kong_2671_2019	2019.6.11	1.027	1	1	17	10.781	11	10	82
EPI686117_A_Hong_Kong_15611_2015	1597372_A_Louisiana_39_2019	2019.8.25	2.024	2	2	9	7.807	8	7	62
EPI686117_A_Hong_Kong_15611_2015	1609436_A_El_Salvador_517_2019	2019.7.30	1.012	1	1	5	11.591	11	11	65
EPI686117_A_Hong_Kong_15611_2015	1609444_A_Hawaii_64_2019	2019.9.15	3.009	3	3	7	9.739	10	9	61
EPI686117_A_Hong_Kong_15611_2015	1808226_A_Jiangxi_Zhanggong_1512_2019	2019.6.11	1.008	1	1	5	9.704	10	9	57
EPI686117_A_Hong_Kong_15611_2015	CY210604_A_Idaho_41_2016	2016.11.22	0.01	0	0	4	4.509	4	4	56
EPI686117_A_Hong_Kong_15611_2015	CY211583_A_California_129_2016	2016.10.5	1.013	1	1	5	1.553	1	1	53
EPI686117_A_Hong_Kong_15611_2015	CY212631_A_Nevada_55_2016	2016.12.8	0.01	0	0	4	4.502	4	4	56
EPI686117_A_Hong_Kong_15611_2015	CY212887_A_California_184_2016	2016.12.13	0.005	0	0	4	4.492	4	4	52
EPI686117_A_Hong_Kong_15611_2015	CY212895_A_California_187_2016	2016.12.14	2.019	2	2	4	20.463	20	19	52
EPI686117_A_Hong_Kong_15611_2015	CY213847_A_Minnesota_76_2016	2016.10.25	1.004	1	1	3	11.438	10	10	56
EPI686117_A_Hong_Kong_15611_2015	CY214207_A_Hawaii_103_2016	2016.12.7	1.004	1	1	3	11.462	10	10	56
EPI686117_A_Hong_Kong_15611_2015	CY214479_A_Maryland_31_2016	2016.12.19	0.028	0	0	16	7.625	7	7	79
EPI686117_A_Hong_Kong_15611_2015	CY214567_A_West_Virginia_01_2017	2017.1.3	0.005	0	0	4	4.597	4	4	52
EPI686117_A_Hong_Kong_15611_2015	CY214879_A_California_214_2016	2016.12.31	1.011	1	1	5	3.53	3	3	55
EPI686117_A_Hong_Kong_15611_2015	CY218123_A_Wisconsin_08_2017	2017.1.13	0.012	0	0	4	2.554	2	2	54
EPI686117_A_Hong_Kong_15611_2015	CY220132_A_Texas_32_2017	2017.1.31	1.027	1	1	17	5.58	5	5	77
EPI686117_A_Hong_Kong_15611_2015	CY220180_A_New_Jersey_07_2017	2017.1.30	0.008	0	0	4	6.53	6	6	58
EPI686117_A_Hong_Kong_15611_2015	CY220548_A_Alabama_06_2017	2017.2.7	0.016	0	0	7	4.55	4	4	59
EPI686117_A_Hong_Kong_15611_2015	CY221923_A_Texas_47_2017	2017.2.13	1.005	1	1	3	6.486	6	6	26
EPI686117_A_Hong_Kong_15611_2015	CY223218_A_New_Mexico_11_2017	2017.2.28	0.012	0	0	4	8.538	8	8	60
EPI686117_A_Hong_Kong_15611_2015	CY223691_A_Maryland_10_2017	2017.1.31	0.002	0	0	1	6.451	6	6	9
EPI686117_A_Hong_Kong_15611_2015	CY223707_A_Ohio_05_2017	2017.2.7	3.014	3	3	5	10.238	9	9	55
EPI686117_A_Hong_Kong_15611_2015	CY223731_A_Florida_10_2017	2017.2.8	2.008	2	2	6	3.672	4	3	51
EPI686117_A_Hong_Kong_15611_2015	CY223739_A_Florida_11_2017	2017.2.13	2.016	2	2	4	13.378	12	12	60
EPI686117_A_Hong_Kong_15611_2015	CY224883_A_Arizona_06_2017	2017.1.31	1.032	1	1	17	5.614	5	5	77
EPI686117_A_Hong_Kong_15611_2015	CY225075_A_Georgia_06_2017	2017.2.15	2.013	2	2	6	3.698	4	3	55
EPI686117_A_Hong_Kong_15611_2015	CY227443_A_Vermont_08_2017	2017.3.2	1.01	1	1	5	5.525	5	5	57
EPI686117_A_Hong_Kong_15611_2015	CY227899_A_Delaware_19_2017	2017.3.21	1.007	1	1	3	9.658	9	7	56
EPI686117_A_Hong_Kong_15611_2015	CY228314_A_South_Dakota_11_2017	2017.2.13	3.014	3	3	5	11.324	10	10	56
EPI686117_A_Hong_Kong_15611_2015	CY228698_A_Wisconsin_39_2017	2017.3.19	2.013	2	2	6	4.735	5	4	56
EPI686117_A_Hong_Kong_15611_2015	CY228730_A_Arkansas_18_2017	2017.3.19	0.007	0	0	4	6.494	6	6	54
EPI686117_A_Hong_Kong_15611_2015	CY230042_A_Michigan_30_2017	2017.2.27	1.008	1	1	5	4.673	5	4	52
EPI686117_A_Hong_Kong_15611_2015	CY230282_A_Tennessee_21_2017	2017.2.20	2.011	2	2	6	2.688	3	2	54
EPI686117_A_Hong_Kong_15611_2015	CY230438_A_Delaware_19_2017	2017.3.21	1.007	1	1	3	9.893	9	8	57
EPI686117_A_Hong_Kong_15611_2015	CY230551_A_West_Virginia_09_2017	2017.2.13	0.009	0	0	3	3.454	3	3	23
EPI686117_A_Hong_Kong_15611_2015	CY230855_A_Oregon_14_2017	2017.2.28	0.006	0	0	3	5.473	5	5	43
EPI686117_A_Hong_Kong_15611_2015	CY232473_A_Florida_34_2017	2017.4.9	0.013	0	0	4	6.607	6	6	60
EPI686117_A_Hong_Kong_15611_2015	CY232567_A_North_Carolina_27_2017	2017.4.5	1.007	1	1	3	9.862	9	8	57
EPI686117_A_Hong_Kong_15611_2015	CY235613_A_Washington_40_2017	2017.4.17	2.006	2	2	4	3.611	4	3	7
EPI686117_A_Hong_Kong_15611_2015	CY235685_A_Nevada_12_2017	2017.4.25	2.01	2	2	6	7.531	7	7	59
EPI686117_A_Hong_Kong_15611_2015	CY242099_A_Florida_29_2017	2017.1.7	0.016	0	0	7	5.544	5	5	60
EPI686117_A_Hong_Kong_15611_2015	CY242347_A_Florida_50_2017	2017.7.26	0.012	0	0	4	6.555	6	6	58
EPI686117_A_Hong_Kong_15611_2015	CY243548_A_Alaska_30_2017	2017.6.18	2.01	2	2	6	7.517	7	7	59
EPI686117_A_Hong_Kong_15611_2015	CY243675_A_Alaska_46_2017	2017.7.31	2.005	2	2	4	7.426	7	7	12
EPI686117_A_Hong_Kong_15611_2015	CY244478_A_California_60_2017	2017.7.1	2.033	2	2	18	4.823	5	4	76
EPI686117_A_Hong_Kong_15611_2015	CY245203_A_Arizona_50_2017	2017.8.22	2.006	2	2	5	8.461	8	8	48
EPI686117_A_Hong_Kong_15611_2015	CY245459_A_Hawaii_45_2017	2017.8.22	1.021	1	1	17	8.497	8	8	80
EPI686117_A_Hong_Kong_15611_2015	CY250520_A_Arkansas_24_2017	2017.10.12	1.01	1	1	5	6.519	6	6	58
EPI686117_A_Hong_Kong_15611_2015	CY257914_A_Florida_73_2017	2017.10.15	2.004	2	2	4	10.435	10	10	13
EPI686117_A_Hong_Kong_15611_2015	CY257994_A_Massachusetts_16_2017	2017.10.12	0.013	0	0	4	6.514	6	6	58
EPI686117_A_Hong_Kong_15611_2015	CY258177_A_New_York_36_2017	2017.10.21	1.022	1	1	17	4.691	5	4	76
EPI686117_A_Hong_Kong_15611_2015	CY258305_A_Louisiana_57_2017	2017.10.28	1.007	1	1	5	7.471	7	7	55
EPI686117_A_Hong_Kong_15611_2015	CY260353_A_California_86_2017	2017.10.3	1.008	1	1	5	5.651	6	5	53
EPI686117_A_Hong_Kong_15611_2015	CY264374_A_New_Hampshire_27_2017	2017.11.21	1.01	1	1	5	7.517	7	7	59
EPI686117_A_Hong_Kong_15611_2015	CY264986_A_Pennsylvania_274_2017	2017.12.15	1.019	1	1	17	9.5	9	9	81
EPI686117_A_Hong_Kong_15611_2015	CY266079_A_Florida_87_2017	2017.10.25	1.007	1	1	3	6.426	6	6	11
EPI686117_A_Hong_Kong_15611_2015	KY949675_A_Linkou_0175_2016	2016.12.12	3.014	3	3	5	10.241	9	9	55
EPI686117_A_Hong_Kong_15611_2015	KY949682_A_Linkou_0191_2016	2016.12.30	3.014	3	3	5	10.239	9	9	55
EPI686117_A_Hong_Kong_15611_2015	KY949699_A_Linkou_0187_2016	2016.12.27	0.007	0	0	4	5.481	5	5	57
EPI686117_A_Hong_Kong_15611_2015	KY949700_A_Keelung_0082_2016	2016.11.30	0.008	0	0	4	5.543	5	5	57
EPI686117_A_Hong_Kong_15611_2015	KY949766_A_Taipei_0088_2016	2016.12.6	0.006	0	0	3	5.487	5	5	43
EPI686117_A_Hong_Kong_15611_2015	KY949786_A_Keelung_0097_2016	2016.12.20	0.012	0	0	4	4.583	4	4	58
EPI686117_A_Hong_Kong_15611_2015	KY949826_A_Taipei_0092_2016	2016.12.19	0.004	0	0	3	7.482	7	7	46
EPI686117_A_Hong_Kong_15611_2015	KY949862_A_Keelung_0089_2016	2016.12.8	2.08	2	2	4	6.777	7	6	11
EPI686117_A_Hong_Kong_15611_2015	KY949934_A_Keelung_0099_2016	2016.12.21	0.005	0	0	4	4.49	4	4	52
EPI686117_A_Hong_Kong_15611_2015	KY949967_A_Linkou_0169_2016	2016.12.2	0.012	0	0	4	4.581	4	4	56
EPI686117_A_Hong_Kong_15611_2015	KY950051_A_Linkou_0186_2016	2016.12.26	1.007	1	1	4	2.633	3	2	42
EPI686117_A_Hong_Kong_15611_2015	KY950096_A_Linkou_0181_2016	2016.12.21	3.027	3	3	17	10.274	9	9	75
EPI686117_A_Hong_Kong_15611_2015	KY950133_A_Keelung_0095_2016	2016.12.14	0.015	0	0	7	4.592	4	4	59
EPI686117_A_Hong_Kong_15611_2015	KY950211_A_Linkou_0185_2016	2016.12.24	2.023	2	2	16	9.324	8	8	74
EPI686117_A_Hong_Kong_15611_2015	MF736980_A_Vologda_CRIE_172_2016	2016.12.17	2.008	2	2	4	11.253	10	10	56
EPI686117_A_Hong_Kong_15611_2015	MF736996_A_Karachay_Cherkess_CRIE_301_2017	2017.2.28	2.008	2	2	4	11.237	10	10	58
EPI686117_A_Hong_Kong_15611_2015	MF783012_A_Rochester_U029_2017	2017.1.20	2.031	2	2	18	3.785	4	3	75
EPI686117_A_Hong_Kong_15611_2015	MG198917_A_Guangdong_SKLRD01_2017	2017.7.15	4.009	4	4	8	6.713	7	6	58
EPI686117_A_Hong_Kong_15611_2015	MG856322_A_Karachay_Cherkess_CRIE_296_2016	2016.12.11	3.008	3	3	5	13.224	12	10	56
EPI686117_A_Hong_Kong_15611_2015	MG974447_A_Kansas_14_2017	2017.12.14	0.005	0	0	2	6.451	6	6	11
EPI686117_A_Hong_Kong_15611_2015	MG984182_A_Shanghai_10_2017	2017.1.10	0.026	0	0	16	6.574	6	5	78
EPI686117_A_Hong_Kong_15611_2015	MG984190_A_Shanghai_11_2017	2017.1.11	0.009	0	0	3	5.461	5	5	25
EPI686117_A_Hong_Kong_15611_2015	MG984198_A_Shanghai_12_2017	2017.1.13	0.006	0	0	2	6.434	6	5	9
EPI686117_A_Hong_Kong_15611_2015	MG984222_A_Shanghai_15_2017	2017.1.22	0.024	0	0	16	5.58	5	5	77
EPI686117_A_Hong_Kong_15611_2015	MG984230_A_Shanghai_16_2017	2017.1.25	0.012	0	0	4	6.507	6	5	58
EPI686117_A_Hong_Kong_15611_2015	MG984238_A_Shanghai_17_2017	2017.1.25	0.012	0	0	4	4.543	4	4	56
EPI686117_A_Hong_Kong_15611_2015	MG984246_A_Shanghai_18_2017	2017.1.26	1.014	1	1	8	3.696	4	3	58
EPI686117_A_Hong_Kong_15611_2015	MG984254_A_Shanghai_19_2017	2017.1.31	1.008	1	1	5	4.649	5	4	52
EPI686117_A_Hong_Kong_15611_2015	MG984270_A_Shanghai_20_2017	2017.2.3	0.012	0	0	4	5.551	5	5	57
EPI686117_A_Hong_Kong_15611_2015	MG984278_A_Shanghai_21_2017	2017.2.6	0.024	0	0	16	5.578	5	5	77
EPI686117_A_Hong_Kong_15611_2015	MG984286_A_Shanghai_29_2017	2017.5.16	1.027	1	1	17	4.774	5	4	76
EPI686117_A_Hong_Kong_15611_2015	MG984302_A_Shanghai_30_2017	2017.6.23	1.027	1	1	17	4.776	5	4	76
EPI686117_A_Hong_Kong_15611_2015	MG984310_A_Shanghai_31_2017	2017.6.23	1.027	1	1	17	4.728	5	4	76
EPI686117_A_Hong_Kong_15611_2015	MG984318_A_Shanghai_32_2017	2017.7.19	1.014	1	1	8	3.698	4	3	58
EPI686117_A_Hong_Kong_15611_2015	MG984326_A_Shanghai_33_2017	2017.7.25	1.03	1	1	17	4.787	5	4	76
EPI686117_A_Hong_Kong_15611_2015	MG984342_A_Shanghai_35_2017	2017.7.31	1.006	1	1	3	4.606	5	4	9
EPI686117_A_Hong_Kong_15611_2015	MG984350_A_Shanghai_36_2017	2017.8.9	1.027	1	1	17	3.73	4	3	75
EPI686117_A_Hong_Kong_15611_2015	MG984358_A_Shanghai_37_2017	2017.8.9	1.009	1	1	5	4.679	5	4	56
EPI686117_A_Hong_Kong_15611_2015	MG984366_A_Shanghai_38_2017	2017.8.11	1.019	1	1	5	4.801	5	4	60
EPI686117_A_Hong_Kong_15611_2015	MG984390_A_Shanghai_40_2017	2017.8.19	1.027	1	1	17	3.728	4	3	75
EPI686117_A_Hong_Kong_15611_2015	MG984398_A_Shanghai_41_2017	2017.8.19	1.009	1	1	5	4.679	5	4	56
EPI686117_A_Hong_Kong_15611_2015	MG984414_A_Shanghai_43_2017	2017.8.21	1.027	1	1	17	4.728	5	4	76
EPI686117_A_Hong_Kong_15611_2015	MG984430_A_Shanghai_45_2017	2017.8.23	1.006	1	1	3	4.616	5	4	9
EPI686117_A_Hong_Kong_15611_2015	MG984438_A_Shanghai_46_2017	2017.8.29	1.008	1	1	5	4.659	5	4	52
EPI686117_A_Hong_Kong_15611_2015	MG984446_A_Shanghai_47_2017	2017.8.29	1.008	1	1	5	4.649	5	4	52
EPI686117_A_Hong_Kong_15611_2015	MG984462_A_Shanghai_49_2017	2017.9.5	1.027	1	1	17	4.774	5	4	76
EPI686117_A_Hong_Kong_15611_2015	MG984478_A_Shanghai_50_2017	2017.9.6	1.019	1	1	5	4.801	5	4	60
EPI686117_A_Hong_Kong_15611_2015	MG984486_A_Shanghai_51_2017	2017.9.8	1.023	1	1	17	4.711	5	4	76
EPI686117_A_Hong_Kong_15611_2015	MG984502_A_Shanghai_53_2017	2017.9.13	1.008	1	1	5	4.649	5	4	52
EPI686117_A_Hong_Kong_15611_2015	MG984518_A_Shanghai_7_2016	2016.12.30	0.012	0	0	4	6.524	6	5	58
EPI686117_A_Hong_Kong_15611_2015	MH637447_A_Linkou_0335_2017	2017.7.18	1.011	1	1	8	2.674	3	2	57
EPI686117_A_Hong_Kong_15611_2015	MH637456_A_Linkou_0266_2017	2017.3.16	1.02	1	1	17	3.681	4	3	75
EPI686117_A_Hong_Kong_15611_2015	MH637483_A_Baltimore_P0247_2018	2018.1.14	1.002	1	1	3	9.428	9	9	12
EPI686117_A_Hong_Kong_15611_2015	MH637488_A_Baltimore_P0279_2018	2018.2.2	0.019	0	0	16	6.518	6	6	78
EPI686117_A_Hong_Kong_15611_2015	MH637511_A_Baltimore_P0243_2018	2018.1.11	0.008	0	0	3	6.504	6	6	44
EPI686117_A_Hong_Kong_15611_2015	MH637528_A_Baltimore_P0241_2018	2018.1.10	0.013	0	0	4	7.547	7	7	59
EPI686117_A_Hong_Kong_15611_2015	MH637557_A_Keelung_0113_2017	2017.1.16	1.015	1	1	8	6.708	6	6	61
EPI686117_A_Hong_Kong_15611_2015	MH637565_A_Baltimore_P0255_2018	2018.1.20	1.007	1	1	3	9.43	9	9	14
EPI686117_A_Hong_Kong_15611_2015	MH637576_A_Linkou_0302_2017	2017.6.20	2.023	2	2	16	11.284	10	10	76
EPI686117_A_Hong_Kong_15611_2015	MH637596_A_Baltimore_P0304_2018	2018.2.13	1.01	1	1	5	10.522	10	10	62
EPI686117_A_Hong_Kong_15611_2015	MH637603_A_Baltimore_P0238_2018	2018.1.8	1.007	1	1	3	7.444	7	7	12
EPI686117_A_Hong_Kong_15611_2015	MH637648_A_Taipei_0122_2017	2017.2.2	0.024	0	0	16	4.575	4	4	76
EPI686117_A_Hong_Kong_15611_2015	MH637673_A_Baltimore_P0237_2018	2018.1.7	1.009	1	1	5	7.475	7	7	55
EPI686117_A_Hong_Kong_15611_2015	MH637679_A_Taipei_0123_2017	2017.2.3	3.014	3	3	5	10.24	9	9	57
EPI686117_A_Hong_Kong_15611_2015	MH637687_A_Baltimore_P0286_2018	2018.2.5	1.032	1	1	17	8.61	8	8	80
EPI686117_A_Hong_Kong_15611_2015	MH637707_A_Keelung_0161_2017	2017.4.7	1.009	1	1	5	2.681	3	2	54
EPI686117_A_Hong_Kong_15611_2015	MH637726_A_Baltimore_P0239_2018	2018.1.8	1.007	1	1	5	9.476	9	9	57
EPI686117_A_Hong_Kong_15611_2015	MH637730_A_Baltimore_P0283_2018	2018.2.4	0.011	0	0	4	7.549	7	7	59
EPI686117_A_Hong_Kong_15611_2015	MH637747_A_Baltimore_P0232_2018	2018.1.2	1.009	1	1	3	8.442	8	8	13
EPI686117_A_Hong_Kong_15611_2015	MH637752_A_Linkou_0206_2017	2017.1.17	0.015	0	0	7	5.62	5	5	60
EPI686117_A_Hong_Kong_15611_2015	MH637768_A_Baltimore_P0242_2018	2018.1.11	1.007	1	1	3	7.432	7	7	12
EPI686117_A_Hong_Kong_15611_2015	MH637783_A_Baltimore_P0244_2018	2018.1.11	1.009	1	1	5	9.473	9	9	57
EPI686117_A_Hong_Kong_15611_2015	MH637808_A_Baltimore_P0298_2018	2018.2.10	1.01	1	1	5	9.506	9	9	61
EPI686117_A_Hong_Kong_15611_2015	MH701747_A_New_Jersey_93924_2018	2018.2.20	2.009	2	2	6	6.477	6	6	54
EPI686117_A_Hong_Kong_15611_2015	MH701755_A_New_Jersey_93934_2018	2018.2.21	2.009	2	2	6	6.477	6	6	54
EPI686117_A_Hong_Kong_15611_2015	MK159064_A_Jeonbuk_736_2017	2017.7.17	0.013	0	0	4	4.567	4	4	56
EPI686117_A_Hong_Kong_15611_2015	MK159072_A_Gyeongbuk_745_2017	2017.9.4	1.005	1	1	3	8.452	8	8	12
EPI686117_A_Hong_Kong_15611_2015	MK640910_A_China_80241_2016	2016.12.6	2.087	2	2	6	10.774	11	10	60
EPI686117_A_Hong_Kong_15611_2015	MK640913_A_China_81105_2017	2017.1.4	0.013	0	0	4	3.554	3	3	55
EPI686117_A_Hong_Kong_15611_2015	MK640914_A_China_81129_2017	2017.1.5	0.012	0	0	4	4.557	4	4	56
EPI686117_A_Hong_Kong_15611_2015	MK640915_A_China_81891_2017	2017.2.1	2.091	2	2	6	7.791	8	7	57
EPI686117_A_Hong_Kong_15611_2015	MN154312_A_Washington_9752_2019	2019.3.15	0.014	0	0	4	14.59	14	14	66
EPI686117_A_Hong_Kong_15611_2015	MN170167_A_Washington_9147_2019	2019.3.10	0.007	0	0	2	14.476	14	14	19
EPI686117_A_Hong_Kong_15611_2015	MN170183_A_Washington_9149_2019	2019.3.11	0.013	0	0	4	14.574	14	14	68
EPI686117_A_Hong_Kong_15611_2015	MN170191_A_Washington_9150_2019	2019.3.11	0.01	0	0	4	14.528	14	14	68
EPI686117_A_Hong_Kong_15611_2015	MN170207_A_Washington_9153_2019	2019.3.14	0.013	0	0	4	14.574	14	14	68
EPI686117_A_Hong_Kong_15611_2015	MN170223_A_Washington_9155_2019	2019.3.14	0.021	0	0	16	14.543	14	14	86
EPI686117_A_Hong_Kong_15611_2015	MN304051_A_Basel_USB003343_1_2016	2016.12.27	0.004	0	0	2	3.634	3	3	7
EPI686117_A_Hong_Kong_15611_2015	MN304056_A_Basel_USB003348_1_2016	2016.12.30	0.007	0	0	6	5.49	5	5	53
EPI686117_A_Hong_Kong_15611_2015	MN304081_A_Basel_USB003378_1_2017	2017.1.13	1.008	1	1	3	5.484	5	5	25
EPI686117_A_Hong_Kong_15611_2015	MN304116_A_Basel_USB003451_1_2017	2017.2.2	0.011	0	0	4	4.467	4	4	52
EPI686117_A_Hong_Kong_15611_2015	MN304117_A_Basel_USB003452_1_2017	2017.2.2	0.021	0	0	16	5.511	5	5	77
EPI686117_A_Hong_Kong_15611_2015	MN304125_A_Basel_USB003503_1_2017	2017.2.5	0.013	0	0	4	5.655	5	5	59
EPI686117_A_Hong_Kong_15611_2015	MN304128_A_Basel_USB003507_1_2017	2017.2.6	2.026	2	2	18	4.763	5	4	76
EPI686117_A_Hong_Kong_15611_2015	MN304158_A_Basel_USB001568_1_2017	2017.1.2	3.008	3	3	5	11.239	10	10	56
EPI686117_A_Hong_Kong_15611_2015	MN304160_A_Basel_USB002230_1_2017	2017.1.2	0.005	0	0	2	5.477	5	5	29
EPI686117_A_Hong_Kong_15611_2015	MN304174_A_Basel_USB001581_1_2017	2017.1.3	1.011	1	1	5	5.501	5	5	53
EPI686117_A_Hong_Kong_15611_2015	MN304184_A_Basel_USB001592_1_2017	2017.1.4	3.008	3	3	5	11.239	10	10	56
EPI686117_A_Hong_Kong_15611_2015	MN304199_A_Basel_USB001639_1_2017	2017.1.4	0.002	0	0	1	2.851	3	2	7
EPI686117_A_Hong_Kong_15611_2015	MN304202_A_Basel_USB002304_1_2017	2017.1.4	3.01	3	3	5	11.273	10	10	56
EPI686117_A_Hong_Kong_15611_2015	MN304206_A_Basel_USB001584_1_2017	2017.1.4	0.026	0	0	16	6.535	6	6	78
EPI686117_A_Hong_Kong_15611_2015	MN304230_A_Basel_USB002323_1_2017	2017.1.6	2.015	2	2	6	6.645	6	6	60
EPI686117_A_Hong_Kong_15611_2015	MN304260_A_Basel_USB002443_1_2017	2017.1.7	1.009	1	1	3	5.456	5	5	25
EPI686117_A_Hong_Kong_15611_2015	MN304284_A_Basel_USB002561_1_2017	2017.1.9	3.008	3	3	5	11.236	10	10	56
EPI686117_A_Hong_Kong_15611_2015	MN304303_A_Basel_USB002594_1_2017	2017.1.10	0.003	0	0	2	4.421	4	4	7
EPI686117_A_Hong_Kong_15611_2015	MN304347_A_Basel_USB002671_1_2017	2017.1.13	3.021	3	3	17	11.276	10	10	76
EPI686117_A_Hong_Kong_15611_2015	MN304376_A_Basel_USB002722_1_2017	2017.1.17	0.01	0	0	4	4.517	4	4	56
EPI686117_A_Hong_Kong_15611_2015	MN304409_A_Basel_USB002775_1_2017	2017.1.22	0.023	0	0	16	4.541	4	4	76
EPI686117_A_Hong_Kong_15611_2015	MN304423_A_Basel_USB002825_1_2017	2017.1.23	3.01	3	3	7	6.679	7	6	54
EPI686117_A_Hong_Kong_15611_2015	MN304459_A_Basel_USB002891_1_2017	2017.1.29	0.009	0	0	4	8.493	8	8	60
EPI686117_A_Hong_Kong_15611_2015	MN304483_A_Basel_USB002922_1_2017	2017.2.1	3.008	3	3	5	11.239	10	10	56
EPI686117_A_Hong_Kong_15611_2015	MN304521_A_Basel_USB002995_1_2017	2017.2.5	0.027	0	0	16	6.643	6	6	78
EPI686117_A_Hong_Kong_15611_2015	MN304543_A_Basel_USB003034_1_2017	2017.2.7	2.006	2	2	4	5.606	6	5	10
EPI686117_A_Hong_Kong_15611_2015	MN304587_A_Basel_USB003307_1_2017	2017.2.25	0.03	0	0	16	4.602	4	4	76
EPI686117_A_Hong_Kong_15611_2015	MN304604_A_Basel_USB002047_1_2016	2016.12.10	0.009	0	0	4	5.547	5	5	57
EPI686117_A_Hong_Kong_15611_2015	MN304638_A_Basel_USB002088_1_2016	2016.12.24	0.024	0	0	16	3.571	3	3	75
EPI686117_A_Hong_Kong_15611_2015	MN304643_A_Basel_USB002097_1_2016	2016.12.25	3.008	3	3	5	11.267	10	10	56
EPI686117_A_Hong_Kong_15611_2015	MN304651_A_Basel_USB002098_1_2016	2016.12.25	0.01	0	0	4	3.523	3	3	55
EPI686117_A_Hong_Kong_15611_2015	MN304652_A_Basel_USB001532_1_2016	2016.12.26	3.009	3	3	5	11.263	10	10	56
EPI686117_A_Hong_Kong_15611_2015	MN304663_A_Basel_USB001539_1_2016	2016.12.27	0.013	0	0	4	4.541	4	4	56
EPI686117_A_Hong_Kong_15611_2015	MN304664_A_Basel_USB001538_1_2016	2016.12.27	0.013	0	0	4	6.605	6	6	60
EPI686117_A_Hong_Kong_15611_2015	MN304667_A_Basel_USB001537_1_2016	2016.12.27	0.008	0	0	4	3.483	3	3	55
EPI686117_A_Hong_Kong_15611_2015	MN304668_A_Basel_USB002128_1_2016	2016.12.27	0.018	0	0	4	8.58	8	7	60
EPI686117_A_Hong_Kong_15611_2015	MN304672_A_Basel_USB002199_1_2016	2016.12.27	1.02	1	1	17	6.557	6	6	78
EPI686117_A_Hong_Kong_15611_2015	MN304679_A_Basel_USB002138_1_2016	2016.12.28	1.005	1	1	5	5.498	5	5	53
EPI686117_A_Hong_Kong_15611_2015	MN304682_A_Basel_USB001546_1_2016	2016.12.29	0.004	0	0	2	6.413	6	6	9
EPI686117_A_Hong_Kong_15611_2015	MN304687_A_Basel_USB002180_1_2016	2016.12.29	3.022	3	3	17	11.296	10	10	76
EPI686117_A_Hong_Kong_15611_2015	MN304690_A_Basel_USB002178_1_2016	2016.12.29	0.032	0	0	16	6.596	6	6	78
EPI686117_A_Hong_Kong_15611_2015	MN304704_A_Basel_USB001552_1_2016	2016.12.31	0.01	0	0	4	3.519	3	3	55
EPI686117_A_Hong_Kong_15611_2015	MN304711_A_Basel_USB001562_1_2016	2016.12.31	0.005	0	0	4	4.494	4	4	52
