vaccineStrain	compareStrain	tipDate	mean_N	median_N	min_N	max_N	mean_S	median_S	min_S	max_S
MG974447_A_Kansas_14_2017	1618891_A_Pennsylvania_1020_2019	2019.10.12	7.048	7	7	19	5.843	5	5	23
MG974447_A_Kansas_14_2017	1640279_A_Cardiff_9474_2019	2019.12.9	10.956	11	9	23	7.729	7	7	25
MG974447_A_Kansas_14_2017	1641886_A_Idaho_40_2019	2019.11.16	7.046	7	7	19	11.838	11	11	29
MG974447_A_Kansas_14_2017	1651646_A_Virginia_42_2019	2019.12.9	8.04	8	8	20	9.825	9	9	27
MG974447_A_Kansas_14_2017	1661929_A_Mexico_2943_2019	2019.10.31	1.12	1	1	19	4.094	4	3	27
MG974447_A_Kansas_14_2017	1662160_A_Abudhabi_106_2019	2019.11.26	6.04	6	6	18	8.825	8	8	28
MG974447_A_Kansas_14_2017	1675773_A_Rheinland_Pfalz_5_2020	2020.1.7	9.964	10	8	22	7.739	7	7	25
MG974447_A_Kansas_14_2017	1683447_A_Wisconsin_03_2020	2020.1.9	8.046	8	8	20	11.824	11	9	27
MG974447_A_Kansas_14_2017	1692312_A_Louisiana_66_2019	2019.12.28	9.045	9	9	21	11.836	11	11	29
MG974447_A_Kansas_14_2017	1713851_A_Pennsylvania_15_2020	2020.2.20	7.036	7	7	19	9.821	9	9	27
MG974447_A_Kansas_14_2017	1738893_A_Minnesota_23_2020	2020.3.20	7.044	7	7	19	12.842	12	12	30
MG974447_A_Kansas_14_2017	1738933_A_Idaho_52_2019	2019.12.25	8.043	8	8	20	11.838	11	11	29
MG974447_A_Kansas_14_2017	1740471_A_Minnesota_12_2020	2020.2.12	8.046	8	8	20	12.842	12	12	30
MG974447_A_Kansas_14_2017	1748112_A_Alberta_RV5268_2020	2020.3.4	9.055	9	9	21	4.859	4	4	28
MG974447_A_Kansas_14_2017	1799200_A_Haiti_394_2019	2019.12.16	6.04	6	6	18	8.821	8	8	26
MG974447_A_Kansas_14_2017	1807805_A_Guangxi_Hengxian_3105_2019	2019.11.14	7.048	7	7	19	9.826	9	9	27
MG974447_A_Kansas_14_2017	1807829_A_Zhejiang_Dinghai_1817_2019	2019.10.8	7.036	7	7	18	7.812	7	7	22
MG974447_A_Kansas_14_2017	1839735_A_Laos_1752_2020	2020.9.26	8.042	8	8	20	9.822	9	9	27
MG974447_A_Kansas_14_2017	1841191_A_Yunnan_Wenshan_1592_2020	2020.7.21	9.048	9	9	21	8.842	8	8	28
MG974447_A_Kansas_14_2017	1841681_A_Cambodia_e0826360_2020	2020.7.16	6.04	6	6	18	9.821	9	9	27
MG974447_A_Kansas_14_2017	1847821_A_Kitakyusyu_1_2020	2020.8.1	7.04	7	7	19	8.845	8	8	28
MG974447_A_Kansas_14_2017	1847845_A_Saitama_92_2020	2020.4.3	6.04	6	6	18	9.833	9	9	29
MG974447_A_Kansas_14_2017	2761581_A_Hessen_26_2020	2020.1.27	8.04	8	8	20	12.83	12	12	30
MG974447_A_Kansas_14_2017	2761606_A_Schleswig_Holstein_9_2020	2020.2.10	9.981	10	8	20	6.723	6	6	26
1592032_A_Hong_Kong_2671_2019	1838078_A_California_55_2020	2020.10.12	6.025	6	6	12	10.218	10	10	21
1592032_A_Hong_Kong_2671_2019	1847925_A_Vietnam_Vnhcm_Gs483_2020	2020.10.9	6.026	6	6	17	9.218	9	9	24
1592032_A_Hong_Kong_2671_2019	1849665_A_AbuDhabi_01_2021	2021.1.1	8.027	8	8	19	10.234	10	10	25
1592032_A_Hong_Kong_2671_2019	1852226_A_Bangkok_62_2020	2020.11.11	5.021	5	5	11	10.216	10	10	21
1592032_A_Hong_Kong_2671_2019	1858651_A_Pennsylvania_01_2021	2021.3.19	5.026	5	5	16	9.218	9	9	24
1592032_A_Hong_Kong_2671_2019	1861076_A_Laos_580_2021	2021.2.21	6.026	6	6	17	9.22	9	9	24
1592032_A_Hong_Kong_2671_2019	1869531_A_Delaware_01_2021	2021.4.16	5.026	5	5	16	9.22	9	9	24
1592032_A_Hong_Kong_2671_2019	1885447_A_Abu_Dhabi_2210622842_2021	2021.3.3	8.035	8	8	19	13.229	13	13	28
1592032_A_Hong_Kong_2671_2019	1905714_A_India_PUN_NIV323256_2021	2021.6.21	5.021	5	5	11	10.214	10	10	21
1592032_A_Hong_Kong_2671_2019	1905786_A_India_PUN_NIV312063_2021	2021.5.9	6.022	6	6	12	9.214	9	9	20
1592032_A_Hong_Kong_2671_2019	1905802_A_Nepal_Npwr_05637_2021	2021.4.8	5.027	5	5	11	13.22	13	12	24
1592032_A_Hong_Kong_2671_2019	1916915_A_Oklahoma_01_2021	2021.7.6	10.032	10	10	21	5.21	5	5	20
1592032_A_Hong_Kong_2671_2019	1916923_A_Michigan_03_2021	2021.8.18	6.021	6	6	12	9.219	9	9	20
1592032_A_Hong_Kong_2671_2019	1919553_A_YANAO_08_01V_2021	2021.8.8	7.032	7	7	12	10.223	10	10	20
1592032_A_Hong_Kong_2671_2019	1921773_A_Thailand_12_2021	2021.6.24	9.038	9	9	24	12.254	12	12	31
1592032_A_Hong_Kong_2671_2019	1922800_A_Nepal_21FL2699_2021	2021.8.11	5.026	5	5	16	9.218	9	9	24
1592032_A_Hong_Kong_2671_2019	1924350_A_Philippines_6_2021	2021.7.5	10.093	10	10	22	12.876	12	11	30
1592032_A_Hong_Kong_2671_2019	1925236_A_Michigan_05_2021	2021.9.26	8.066	8	8	19	10.237	10	10	25
1592032_A_Hong_Kong_2671_2019	1926248_A_Saint_Petersburg_RII_2415S_2021	2021.1.2	7.027	7	7	18	9.227	9	9	24
1592032_A_Hong_Kong_2671_2019	1940321_A_New_York_03_2021	2021.9.16	7.023	7	7	13	11.214	11	11	22
1592032_A_Hong_Kong_2671_2019	1954438_A_Picardie_28479_2021	2021.9.17	8.023	8	8	14	12.232	12	12	23
1592032_A_Hong_Kong_2671_2019	1967900_A_Pakistan_ICT7_2021	2021.9.16	6.023	6	6	17	10.23	10	10	25
1592032_A_Hong_Kong_2671_2019	1969592_A_Bangladesh_9019_2021	2021.9.20	5.027	5	5	11	9.216	9	9	20
1592032_A_Hong_Kong_2671_2019	EPI2415906_A_Darwin_9_2021	2021.4.17	6.021	6	6	12	10.219	10	10	21
1841681_A_Cambodia_e0826360_2020	19194107_A_Thailand_8_2022	2022.7.11	0.022	0	0	13	1.309	1	1	26
1841681_A_Cambodia_e0826360_2020	1941020_A_Florida_04_2021	2021.10.28	2.027	2	2	15	2.587	3	2	27
1841681_A_Cambodia_e0826360_2020	1952515_A_Pennsylvania_06_2021	2021.11.21	2.004	2	2	4	2.549	3	2	12
1841681_A_Cambodia_e0826360_2020	1958506_A_Khakassia_155_06V_2021	2021.11.30	3.023	3	3	16	2.577	3	2	27
1841681_A_Cambodia_e0826360_2020	1960344_A_Montana_10_2021	2021.11.29	2.019	2	2	19	2.569	3	2	31
1841681_A_Cambodia_e0826360_2020	1964326_A_California_46_2021	2021.12.19	3.003	3	3	5	2.541	3	2	7
1841681_A_Cambodia_e0826360_2020	1983154_A_Montana_02_2022	2022.1.6	4.019	4	4	17	3.577	4	3	28
1841681_A_Cambodia_e0826360_2020	1992288_A_Wyoming_09_2021	2021.12.2	2.004	2	2	4	3.547	4	3	13
1841681_A_Cambodia_e0826360_2020	2004157_A_North_Dakota_03_2022	2022.2.9	2.007	2	2	4	2.543	3	2	7
1841681_A_Cambodia_e0826360_2020	2007488_A_New_Mexico_07_2022	2022.2.14	2.019	2	2	15	2.561	3	2	27
1841681_A_Cambodia_e0826360_2020	2019560_A_Novosibirsk_RII_MH60652S_2022	2022.1.10	2.047	2	2	6	2.716	3	2	14
1841681_A_Cambodia_e0826360_2020	2042591_A_Picardie_21593_2022	2022.3.21	2.019	2	2	9	1.603	2	1	21
1841681_A_Cambodia_e0826360_2020	2042752_A_Lorraine_23758_2022	2022.3.26	2.029	2	2	15	1.615	2	1	26
1841681_A_Cambodia_e0826360_2020	2042994_A_Lorraine_28541_2022	2022.4.9	3.01	3	3	7	4.578	5	4	16
1841681_A_Cambodia_e0826360_2020	2043548_A_Berlin_23_2022	2022.3.17	2.005	2	2	4	1.575	2	1	6
1841681_A_Cambodia_e0826360_2020	2046104_A_Krasnodar_Krai_183_10V_2021	2021.12.17	0.017	0	0	17	0.293	0	0	29
1841681_A_Cambodia_e0826360_2020	2063583_A_Idaho_25_2022	2022.5.1	0.008	0	0	4	1.275	1	1	13
1841681_A_Cambodia_e0826360_2020	2077428_A_Berlin_61_2022	2022.4.25	6.048	6	6	17	12.265	12	12	27
1841681_A_Cambodia_e0826360_2020	2127871_A_Michigan_35_2022	2022.5.18	6.048	6	6	10	11.27	11	11	21
1841681_A_Cambodia_e0826360_2020	2136215_A_Abu_Dhabi_1812537_2022	2022.6.30	7.049	7	7	18	11.266	11	11	26
1841681_A_Cambodia_e0826360_2020	2176957_A_Florida_70_2022	2022.8.8	6.046	6	6	10	11.268	11	11	21
1841681_A_Cambodia_e0826360_2020	2194875_A_Maldives_875_2022	2022.9.9	7.046	7	7	23	7.242	7	7	33
1841681_A_Cambodia_e0826360_2020	2233523_A_Ayutthaya_NIC_P2289_2022	2022.7.18	0.019	0	0	17	1.286	1	1	30
1841681_A_Cambodia_e0826360_2020	2325220_A_Finland_298_2022	2022.9.4	7.035	7	7	23	7.221	7	7	29
1841681_A_Cambodia_e0826360_2020	2500106_A_ABUDHABI_UAE_1112067_2022	2022.4.25	7.034	7	7	18	8.224	8	8	23
1841681_A_Cambodia_e0826360_2020	2503987_A_British_Columbia_124_2022	2022.6.19	6.352	7	5	18	9.678	10	9	34
EPI2415906_A_Darwin_9_2021	19296516_A_Croatia_10136RV_2023	2023.12.4	9.041	9	9	11	15.268	15	15	19
EPI2415906_A_Darwin_9_2021	19377008_A_Arica_52920_2024	2024.7.1	9.044	9	9	13	15.27	15	15	19
EPI2415906_A_Darwin_9_2021	19355069_A_Chiang_Rai_1932_2024	2024.3.27	11.057	11	11	22	18.292	18	18	33
EPI2415906_A_Darwin_9_2021	19378437_A_Denmark_2208_2024	2024.6.29	10.058	10	10	21	15.288	15	15	30
EPI2415906_A_Darwin_9_2021	19522825_A_Denmark_2281_2024	2024.8.26	12.085	12	12	28	19.348	19	19	41
EPI2415906_A_Darwin_9_2021	19455563_A_England_2481021_2024	2024.6.4	11.047	11	11	22	15.272	15	15	30
EPI2415906_A_Darwin_9_2021	19539069_A_Ghana_1122_2024	2024.7.24	9.047	9	9	20	15.276	15	15	30
EPI2415906_A_Darwin_9_2021	19298604_A_Ghana_3370_2024	2024.6.6	9.043	9	9	15	17.282	17	17	28
EPI2415906_A_Darwin_9_2021	19377137_A_Guyana_10084_2024	2024.5.28	13.057	13	13	24	15.288	15	15	30
EPI2415906_A_Darwin_9_2021	19274403_A_Hungary_264_2024	2024.3.26	10.057	10	10	21	17.286	17	17	32
EPI2415906_A_Darwin_9_2021	19355364_A_Kenya_139_2024	2024.5.23	10.061	10	10	25	15.288	15	15	34
EPI2415906_A_Darwin_9_2021	19388144_A_Saudi_Arabia_PHL_FS8301_2024	2024.7.6	10.041	10	10	12	14.27	14	14	18
EPI2415906_A_Darwin_9_2021	19052814_A_Serbia_514284_2024	2024.3.8	13.048	13	13	15	17.276	17	17	21
EPI2415906_A_Darwin_9_2021	19539108_A_Wellington_85_2024	2024.8.14	11.058	11	11	22	16.294	16	16	31
EPI2415906_A_Darwin_9_2021	19208620_A_Wisconsin_80_2024	2024.5.25	9.055	9	9	20	14.282	14	14	29
EPI2415906_A_Darwin_9_2021	19642627_A_Jeju_4080_2024	2024.9.23	10.041	10	10	12	16.27	16	16	20
EPI2415906_A_Darwin_9_2021	19632815_A_Jeonbuk_3813_2024	2024.3.11	10.057	10	10	21	15.284	15	15	30
EPI2415906_A_Darwin_9_2021	19632822_A_Seoul_3837_2024	2024.3.18	9.041	9	9	11	14.267	14	14	18
EPI2415906_A_Darwin_9_2021	2206316_A_Rogerstone_2168_2022	2022.10.10	7.03	7	7	18	8.223	8	8	23
EPI2415906_A_Darwin_9_2021	2208308_A_Lourdes_53101_2022	2022.10.8	7.053	7	7	18	13.278	13	13	28
EPI2415906_A_Darwin_9_2021	2252381_A_Maine_07_2022	2022.10.27	7.054	7	7	23	14.292	14	14	36
EPI2415906_A_Darwin_9_2021	2253452_A_Kansas_25_2022	2022.10.19	7.036	7	7	18	12.229	12	12	27
EPI2415906_A_Darwin_9_2021	2254250_A_Centre_56613_2022	2022.11.23	7.053	7	7	18	13.278	13	13	28
EPI2415906_A_Darwin_9_2021	2257357_A_Austria_MUW1572306_2022	2022.11.30	9.053	9	9	20	15.285	15	15	30
EPI2415906_A_Darwin_9_2021	2283189_A_Denmark_3146_2022	2022.11.10	7.054	7	7	23	13.284	13	13	35
EPI2415906_A_Darwin_9_2021	2367511_A_Connecticut_04_2023	2023.1.4	7.058	7	7	23	13.289	13	13	35
EPI2415906_A_Darwin_9_2021	2385451_A_Oman_8557_2022	2022.12.4	4.026	4	3	17	3.213	3	2	28
EPI2415906_A_Darwin_9_2021	2424342_A_Baden_Wuerttemberg_144_2022	2022.12.1	9.044	9	9	20	15.267	15	15	30
EPI2415906_A_Darwin_9_2021	2424895_A_Sachsen_Anhalt_3_2023	2023.1.1	8.053	8	8	19	14.28	14	14	29
EPI2415906_A_Darwin_9_2021	2441868_A_Minnesota_08_2023	2023.1.11	7.053	7	7	18	13.294	13	13	28
EPI2415906_A_Darwin_9_2021	2467517_A_HaidianCDC_12962_2023	2023.3.2	2.011	2	2	5	2.204	2	2	14
EPI2415906_A_Darwin_9_2021	2498550_A_California_32_2023	2023.1.5	8.054	8	8	24	14.285	14	14	36
EPI2415906_A_Darwin_9_2021	2498622_A_Kansas_01_2023	2023.2.26	7.053	7	7	18	13.28	13	13	28
EPI2415906_A_Darwin_9_2021	2534759_A_Minnesota_18_2023	2023.2.22	7.047	7	7	18	12.289	12	12	27
EPI2415906_A_Darwin_9_2021	2539626_A_Nordrhein_Westfalen_128_2022	2022.12.20	3.031	3	3	16	5.621	6	5	30
EPI2415906_A_Darwin_9_2021	2571528_A_Bhutan_001_2022	2022.11.21	2.035	2	2	15	5.264	5	5	30
EPI2415906_A_Darwin_9_2021	2587133_A_Berlin_265_2022	2022.12.19	9.053	9	9	20	13.278	13	13	28
EPI2415906_A_Darwin_9_2021	2599401_A_Lebanon_2787_2023	2023.3.28	10.055	10	10	21	14.288	14	14	29
EPI2415906_A_Darwin_9_2021	2689682_A_Costa_Rica_8476_2023	2023.6.26	2.011	2	2	5	3.201	3	3	15
EPI2415906_A_Darwin_9_2021	2716167_A_Kentucky_06_2023	2023.7.18	1.017	1	1	14	2.178	2	2	27
EPI2415906_A_Darwin_9_2021	2716351_A_Guatemala_378_2023	2023.4.22	8.042	8	8	14	12.269	12	12	23
EPI2415906_A_Darwin_9_2021	2732731_A_Bangladesh_9003_2023	2023.5.8	2.023	2	2	15	3.26	3	3	28
EPI2415906_A_Darwin_9_2021	2736750_A_Finland_407_2023	2023.8.11	8.056	8	8	19	12.271	12	11	27
EPI2415906_A_Darwin_9_2021	2758811_A_Catalonia_NSVH102158148_2023	2023.9.6	1.015	1	1	4	2.196	2	2	14
EPI2415906_A_Darwin_9_2021	EPI2800450_A_Phra_Nakhon_Si_Ayutthaya_P4330_2023	2023.10.2	2.017	2	2	15	2.178	2	2	27
EPI2415906_A_Darwin_9_2021	EPI2817864_A_Nakhon_Phanom_P4970_2023	2023.11.3	9.045	9	9	15	15.277	15	15	26
EPI2415906_A_Darwin_9_2021	EPI2819091_A_Nebraska_13_2023	2023.11.15	10.057	10	10	21	16.284	16	16	31
EPI2415906_A_Darwin_9_2021	EPI2845383_A_Saint_Petersburg_RII_169_2023	2023.10.31	9.058	9	9	25	14.293	14	14	36
EPI2415906_A_Darwin_9_2021	EPI2901414_A_California_118_2023	2023.11.29	10.05	10	10	21	15.284	15	15	30
EPI2415906_A_Darwin_9_2021	EPI2926182_A_Hong_Kong_3084_2023	2023.12.1	10.041	10	10	12	15.268	15	15	19
EPI2415906_A_Darwin_9_2021	EPI2970652_A_Saratov_RII_3_2023	2023.12.22	9.057	9	9	20	17.282	17	17	32
EPI2415906_A_Darwin_9_2021	EPI3055327_A_New_Hampshire_02_2024	2024.1.4	3.017	3	3	6	4.199	4	4	16
EPI2415906_A_Darwin_9_2021	EPI3089330_A_Penarth_6936_2024	2024.1.22	13.075	13	13	29	16.329	16	16	38
EPI2415906_A_Darwin_9_2021	EPI3095110_A_Samara_22_2023	2023.12.22	9.056	9	9	24	16.285	16	16	35
EPI2415906_A_Darwin_9_2021	EPI3133740_A_Idaho_21_2024	2024.2.9	12.051	12	12	14	16.275	16	16	20
EPI2415906_A_Darwin_9_2021	EPI3134187_A_Florida_06_2024	2024.1.8	2.023	2	2	15	4.185	4	4	29
EPI2415906_A_Darwin_9_2021	EPI3186602_A_Nevada_104_2024	2024.3.1	9.055	9	9	20	15.286	15	15	30
EPI2415906_A_Darwin_9_2021	EPI3186714_A_Washington_22_2024	2024.2.4	1.013	1	1	4	2.206	2	2	14
19194107_A_Thailand_8_2022	19628172_A_Colorado_228_2024	2024.11.10	8.053	8	8	19	15.277	15	15	30
19194107_A_Thailand_8_2022	19826182_A_South_Africa_R01135_2025	2025.1.28	11.06	11	11	22	17.318	17	17	32
19194107_A_Thailand_8_2022	19822399_A_Incheon_694_2025	2025.2.18	8.052	8	8	14	17.277	17	17	28
19194107_A_Thailand_8_2022	19794607_A_Jeonnam_359_2025	2025.1.13	8.06	8	8	19	16.287	16	16	31
19194107_A_Thailand_8_2022	20080759_A_Vietnam_5034_2025	2025.2.15	8.047	8	8	12	15.276	15	15	19
19194107_A_Thailand_8_2022	19884376_A_Canarias_1589_2025	2025.1.1	8.06	8	8	19	17.291	17	17	32
19194107_A_Thailand_8_2022	19800540_A_Denmark_860_2025	2025.2.3	10.264	10	10	28	18.536	18	18	40
19194107_A_Thailand_8_2022	19682309_A_Netherlands_10048_2025	2025.1.2	8.048	8	8	14	16.281	16	16	27
19194107_A_Thailand_8_2022	19874950_A_Denmark_2460_2025	2025.3.24	8.049	8	8	12	16.281	16	16	20
19194107_A_Thailand_8_2022	20073250_A_Ontario_1098_2025	2025.4.1	9.039	9	7	15	18.295	18	16	29
19194107_A_Thailand_8_2022	19897514_A_South_Africa_PATH-CERI-C068465_2025	2025.5.3	9.064	9	9	24	16.297	16	16	33
19194107_A_Thailand_8_2022	20261922_A_South_Africa_8325_2025	2025.8.28	10.042	10	10	12	17.274	17	17	21
19296516_A_Croatia_10136RV_2023	20284405_A_Bahrain_1648_2025	2025.10.19	1.549	2	1	6	5.105	6	4	12
19296516_A_Croatia_10136RV_2023	20284485_A_Bahrain_2180_2025	2025.10.23	1.597	2	1	26	5.162	6	4	35
19296516_A_Croatia_10136RV_2023	20284519_A_Catalonia_NSVH102734071_2025	2025.11.28	2.549	3	2	7	5.105	6	4	12
19296516_A_Croatia_10136RV_2023	20269338_A_Denmark_3567_2025	2025.11.10	1.597	2	1	26	6.162	7	5	36
19296516_A_Croatia_10136RV_2023	20269279_A_Denmark_3542_2025	2025.11.7	2.664	3	2	29	5.242	6	4	35
19296516_A_Croatia_10136RV_2023	20221173_A_Cardiff_0040_2025	2025.10.2	1.674	2	1	31	6.262	7	5	43
19296516_A_Croatia_10136RV_2023	20275639_A_Colorado_ISC-1470_2025	2025.10.28	1.65	2	1	21	5.23	6	4	31
19296516_A_Croatia_10136RV_2023	20275637_A_Colorado_ISC-1507_2025	2025.11.14	1.549	2	1	6	5.105	6	4	12
19296516_A_Croatia_10136RV_2023	20275348_A_Florida_32_2025	2025.10.29	1.663	2	1	31	5.249	6	4	42
19296516_A_Croatia_10136RV_2023	20275683_A_New_York_NIRC-IS-1504_2025	2025.11.13	2.674	3	2	32	5.262	6	4	42
19296516_A_Croatia_10136RV_2023	20262326_A_Colorado_ISC-1494_2025	2025.11.11	1.674	2	1	31	5.262	6	4	42
19296516_A_Croatia_10136RV_2023	20261837_A_Alaska_82_2025	2025.10.20	1.586	2	1	15	6.149	7	5	23
19296516_A_Croatia_10136RV_2023	20278399_A_Catalonia_NSVH171794172_2025	2025.12.3	1.674	2	1	31	5.262	6	4	42
19296516_A_Croatia_10136RV_2023	20261953_A_Wisconsin_152_2025	2025.11.3	1.675	2	1	31	6.264	7	5	43
19296516_A_Croatia_10136RV_2023	20262725_A_Catalonia_NSVH161522720_2025	2025.11.19	2.676	3	2	32	7.262	8	6	44
19296516_A_Croatia_10136RV_2023	20261957_A_Minnesota_109_2025	2025.10.25	1.586	2	1	15	5.149	6	4	22
19296516_A_Croatia_10136RV_2023	20279652_A_Lisboa_706_2025	2025.11.2	2.549	3	2	7	6.107	7	5	13
19296516_A_Croatia_10136RV_2023	20280416_A_Severomorsk_RII-MH264749S_2025	2025.11.18	1.663	2	1	31	6.25	7	5	43
19296516_A_Croatia_10136RV_2023	20280435_A_Saint-Petersburg_RII-MH264958S_2025	2025.11.26	1.663	2	1	31	5.249	6	4	42
19296516_A_Croatia_10136RV_2023	20280566_A_Saint-Petersburg_RII-25-0699S_2025	2025.11.17	1.586	2	1	15	5.149	6	4	22
19296516_A_Croatia_10136RV_2023	20281628_A_Saskatchewan_SKFLU469190_2025	2025.11.20	3.659	4	3	28	5.234	6	4	35
EPI103320_A_Moscow_10_1999	CY000024_A_New_York_30_2003	2003.12.2	5.343	5	5	11	7.572	7	6	17
EPI103320_A_Moscow_10_1999	CY000040_A_New_York_33_2004	2004.1.9	5.345	5	5	11	7.576	7	6	13
EPI103320_A_Moscow_10_1999	CY000056_A_New_York_35_2003	2003.12.4	5.344	5	5	11	7.579	7	6	18
EPI103320_A_Moscow_10_1999	CY000104_A_New_York_54_2003	2003.12.10	5.343	5	5	11	7.568	7	6	13
EPI103320_A_Moscow_10_1999	CY000144_A_New_York_26_2003	2003.12.2	5.347	5	5	11	9.57	9	8	17
EPI103320_A_Moscow_10_1999	CY000216_A_New_York_91_2002	2002.1.17	4.345	4	4	10	11.48	11	10	19
EPI103320_A_Moscow_10_1999	CY000272_A_New_York_53_2003	2003.12.11	6.345	6	6	12	9.57	9	8	17
EPI103320_A_Moscow_10_1999	CY000352_A_New_York_15_2003	2003.11.12	6.345	6	6	12	9.57	9	8	17
EPI103320_A_Moscow_10_1999	CY000512_A_New_York_4_2003	2003.12.8	7.343	7	7	13	8.57	8	7	16
EPI103320_A_Moscow_10_1999	CY000552_A_New_York_115_2002	2002.2.7	4.347	4	4	10	8.474	8	7	16
EPI103320_A_Moscow_10_1999	CY000768_A_New_York_10_2004	2004.1.30	5.345	5	5	11	7.576	7	6	15
EPI103320_A_Moscow_10_1999	CY000872_A_New_York_193_2003	2003.2.19	8.153	7	7	15	12.578	12	11	20
EPI103320_A_Moscow_10_1999	CY000908_A_New_York_13_2003	2003.11.12	5.345	5	5	11	7.572	7	6	15
EPI103320_A_Moscow_10_1999	CY001036_A_New_York_6_2004	2004.1.6	5.343	5	5	11	7.574	7	6	15
EPI103320_A_Moscow_10_1999	CY001095_A_New_York_24_2003	2003.12.1	6.345	6	6	12	9.57	9	8	17
EPI103320_A_Moscow_10_1999	CY001196_A_New_York_18_2003	2003.12.1	5.345	5	5	11	7.57	7	6	15
EPI103320_A_Moscow_10_1999	CY001300_A_New_York_37_2003	2003.12.4	5.347	5	5	11	7.572	7	6	15
EPI103320_A_Moscow_10_1999	CY001559_A_New_York_215_2003	2003.4.22	7.356	7	7	13	13.594	13	12	21
EPI103320_A_Moscow_10_1999	CY002335_A_New_York_77_2001	2001.12.26	4.345	4	4	10	9.472	9	8	17
EPI103320_A_Moscow_10_1999	CY002351_A_New_York_272_2003	2003.11.28	5.345	5	5	11	7.57	7	6	15
EPI103320_A_Moscow_10_1999	CY003287_A_New_York_438_2000	2000.1.18	4.347	4	3	8	4.298	3	3	13
EPI103320_A_Moscow_10_1999	CY006386_A_New_York_467_2004	2004.9.17	0.335	0	0	3	6.119	5	5	13
EPI103320_A_Moscow_10_1999	CY009267_A_New_York_499_2004	2004.1.15	5.345	5	5	11	7.576	7	6	17
EPI103320_A_Moscow_10_1999	CY013812_A_New_York_C4_2002	2002.2.1	5.343	5	5	11	8.476	8	7	16
EPI103320_A_Moscow_10_1999	CY032968_A_Yucatan_844_2003	2003.3.19	0.335	0	0	3	6.113	5	5	13
EPI103320_A_Moscow_10_1999	CY038574_A_Hong_Kong_HKU2_2004	2004.2.13	5.347	5	5	11	8.57	8	7	14
EPI103320_A_Moscow_10_1999	CY038614_A_Hong_Kong_HKU19_2004	2004.6.1	0.335	0	0	3	6.113	5	5	13
EPI103320_A_Moscow_10_1999	CY038622_A_Hong_Kong_HKU20_2004	2004.6.15	0.335	0	0	3	5.119	4	4	12
EPI103320_A_Moscow_10_1999	CY038638_A_Hong_Kong_HKU29_2004	2004.7.21	2.339	2	2	5	6.121	5	5	13
EPI103320_A_Moscow_10_1999	CY038646_A_Hong_Kong_HKU31_2004	2004.7.30	1.336	1	1	4	6.115	5	5	13
EPI103320_A_Moscow_10_1999	CY038654_A_Hong_Kong_HKU34_2004	2004.8.18	1.335	1	1	4	6.131	5	5	13
EPI103320_A_Moscow_10_1999	CY038950_A_Hong_Kong_HKU4_2004	2004.3.1	4.341	4	4	7	6.128	5	5	13
EPI103320_A_Moscow_10_1999	CY038958_A_Hong_Kong_HKU6_2004	2004.3.6	0.335	0	0	3	5.113	4	4	12
EPI103320_A_Moscow_10_1999	CY038990_A_Hong_Kong_HKU14_2004	2004.4.16	1.337	1	1	4	7.119	6	6	14
EPI103320_A_Moscow_10_1999	CY038998_A_Hong_Kong_HKU15_2004	2004.4.23	0.337	0	0	3	5.12	4	4	12
EPI103320_A_Moscow_10_1999	CY039014_A_Hong_Kong_HKU21_2004	2004.6.19	0.337	0	0	3	5.117	4	4	12
EPI103320_A_Moscow_10_1999	CY039030_A_Hong_Kong_HKU25_2004	2004.7.7	0.337	0	0	3	5.118	4	4	12
EPI103320_A_Moscow_10_1999	CY039038_A_Hong_Kong_HKU30_2004	2004.7.22	0.336	0	0	3	5.114	4	4	12
EPI103320_A_Moscow_10_1999	CY039166_A_Hong_Kong_HKU5_2004	2004.3.4	7.352	7	7	13	9.58	9	8	19
EPI103320_A_Moscow_10_1999	CY039174_A_Hong_Kong_HKU24_2004	2004.7.5	1.335	1	1	4	5.117	4	4	12
EPI103320_A_Moscow_10_1999	CY039494_A_Hong_Kong_HKU1_2004	2004.2.10	2.341	2	2	5	5.115	4	4	12
EPI103320_A_Moscow_10_1999	CY039502_A_Hong_Kong_HKU32_2004	2004.8.2	0.335	0	0	3	5.117	4	4	12
EPI103320_A_Moscow_10_1999	CY040321_A_Hong_Kong_HKU38_2004	2004.9.23	3.343	3	3	6	6.129	5	5	13
EPI103320_A_Moscow_10_1999	CY043751_A_Hong_Kong_HKU28_2004	2004.7.17	2.339	2	2	5	6.121	5	5	13
EPI103320_A_Moscow_10_1999	CY088027_A_England_425_2003	2003.10.29	6.345	6	6	12	7.574	7	6	15
EPI103320_A_Moscow_10_1999	CY088035_A_England_438_2003	2003.11.12	5.347	5	5	11	8.478	8	7	18
EPI103320_A_Moscow_10_1999	CY088115_A_England_467_2003	2003.11.6	6.345	6	6	12	7.574	7	6	15
EPI103320_A_Moscow_10_1999	CY088131_A_Scotland_78_2003	2003.11.7	6.345	6	6	12	8.574	8	7	16
EPI103320_A_Moscow_10_1999	CY088139_A_Scotland_79_2003	2003.11.8	5.347	5	5	11	8.476	8	7	16
EPI103320_A_Moscow_10_1999	CY088187_A_England_944_2003	2003.11.17	6.345	6	6	12	7.574	7	6	15
EPI103320_A_Moscow_10_1999	CY088251_A_England_525_2003	2003.11.27	5.343	5	5	11	7.566	7	6	13
EPI103320_A_Moscow_10_1999	CY088267_A_England_585_2003	2003.11.25	6.347	6	6	12	8.572	8	7	16
EPI103320_A_Moscow_10_1999	CY088275_A_England_487_2003	2003.11.24	6.345	6	6	12	9.576	9	8	19
EPI103320_A_Moscow_10_1999	CY088291_A_England_491_2003	2003.11.24	6.345	6	6	12	8.574	8	7	16
EPI103320_A_Moscow_10_1999	CY088323_A_England_508_2003	2003.11.27	6.347	6	6	12	8.57	8	7	16
EPI103320_A_Moscow_10_1999	CY088339_A_England_957_2003	2003.11.28	6.345	6	6	12	7.57	7	6	13
EPI103320_A_Moscow_10_1999	CY088363_A_England_558_2003	2003.12.5	0.337	0	0	3	6.118	5	5	13
EPI103320_A_Moscow_10_1999	CY088379_A_England_532_2003	2003.11.27	6.345	6	6	12	7.574	7	6	15
EPI103320_A_Moscow_10_1999	CY088387_A_England_522_2003	2003.12.12	5.343	5	5	11	7.572	7	6	15
EPI103320_A_Moscow_10_1999	CY088403_A_England_547_2003	2003.12.18	5.347	5	5	11	8.476	8	7	16
EPI103320_A_Moscow_10_1999	CY090956_A_South_Carolina_NHRC0002_2003	2003.11.13	6.346	6	6	12	7.572	7	6	15
EPI103320_A_Moscow_10_1999	CY091124_A_Missouri_NHRC0002_2004	2004.1.9	6.345	6	6	12	11.568	11	10	17
EPI103320_A_Moscow_10_1999	CY091468_A_California_NHRC0006_2003	2003.12.10	6.345	6	6	12	9.57	9	8	17
EPI103320_A_Moscow_10_1999	CY092216_A_Georgia_NHRC0001_2003	2003.12.5	5.345	5	5	11	7.57	7	6	15
EPI103320_A_Moscow_10_1999	CY107095_A_England_470_2003	2003.11.5	5.343	5	5	11	7.57	7	6	15
EPI103320_A_Moscow_10_1999	CY107111_A_England_516_2003	2003.11.20	5.349	5	5	11	8.476	8	7	16
EPI103320_A_Moscow_10_1999	CY107151_A_England_493_2003	2003.11.23	5.345	5	5	11	7.568	7	6	13
EPI103320_A_Moscow_10_1999	CY107167_A_England_532_2003	2003.11.27	6.346	6	6	12	7.583	7	6	20
EPI103320_A_Moscow_10_1999	CY112948_A_Netherlands_1_2002	2002.1.7	5.326	5	3	11	7.589	7	7	20
EPI103320_A_Moscow_10_1999	CY114324_A_Netherlands_3_2000	2000.1.6	0.324	0	0	3	4.127	3	3	14
EPI103320_A_Moscow_10_1999	CY114340_A_Netherlands_126_2001	2001.3.21	5.201	5	5	9	9.382	9	8	17
EPI103320_A_Moscow_10_1999	EPI358781_A_Fujian_411_2002	2002.7.1	4.329	4	4	7	5.13	4	4	12
EPI103320_A_Moscow_10_1999	EPI367109_A_California_7_2004	2004.9.16	0.335	0	0	3	5.113	4	4	12
EPI103320_A_Moscow_10_1999	KJ855376_A_Mexico_DIF835_2003	2003.7.4	0.335	0	0	3	5.111	4	4	12
EPI103320_A_Moscow_10_1999	KJ855448_A_Mexico_DIF2662_2003	2003.12.15	6.345	6	6	12	9.57	9	8	17
EPI358781_A_Fujian_411_2002	CY002007_A_New_York_359_2005	2005.1.17	4.019	4	4	6	3.946	4	0	6
EPI358781_A_Fujian_411_2002	CY002015_A_New_York_361_2005	2005.2.2	4.017	4	4	6	6.956	7	3	9
EPI358781_A_Fujian_411_2002	CY002079_A_New_York_396_2005	2005.3.4	7.028	7	7	9	4.989	5	1	7
EPI358781_A_Fujian_411_2002	CY002199_A_New_York_366_2004	2004.12.20	6.021	6	6	10	5.963	6	2	12
EPI358781_A_Fujian_411_2002	CY002231_A_New_York_372_2004	2004.12.22	5.017	5	5	7	6.956	7	3	9
EPI358781_A_Fujian_411_2002	CY002255_A_New_York_381_2004	2004.12.28	4.019	4	4	6	7.954	8	4	10
EPI358781_A_Fujian_411_2002	CY002263_A_New_York_383_2004	2004.12.29	4.017	4	4	6	3.944	4	0	6
EPI358781_A_Fujian_411_2002	CY002447_A_New_York_365_2004	2004.12.16	7.031	7	7	9	7.969	8	4	10
EPI358781_A_Fujian_411_2002	CY002463_A_New_York_373_2005	2005.2.22	4.019	4	4	6	3.942	4	0	6
EPI358781_A_Fujian_411_2002	CY002599_A_New_York_377_2004	2004.12.20	4.017	4	4	6	5.958	6	2	8
EPI358781_A_Fujian_411_2002	CY002719_A_New_York_319_2004	2004.11.8	5.019	5	5	7	4.96	5	1	7
EPI358781_A_Fujian_411_2002	CY002791_A_New_York_232_2004	2004.12.9	4.015	4	4	6	5.951	6	2	8
EPI358781_A_Fujian_411_2002	CY003079_A_New_York_123_2004	2004.12.16	4.017	4	4	6	5.958	6	2	8
EPI358781_A_Fujian_411_2002	CY003647_A_New_York_463_2005	2005.2.9	5.021	5	5	7	4.96	5	1	7
EPI358781_A_Fujian_411_2002	CY003671_A_New_York_471_2004	2004.11.8	6.017	6	6	8	4.954	5	1	7
EPI358781_A_Fujian_411_2002	CY006091_A_New_York_465_2005	2005.3.8	4.017	4	4	6	5.964	6	2	8
EPI358781_A_Fujian_411_2002	CY019156_A_New_York_900_2004	2004.12.22	5.017	5	5	7	6.956	7	3	9
EPI358781_A_Fujian_411_2002	CY019164_A_New_York_900_2004	2004.12.22	5.017	5	5	7	6.956	7	3	9
EPI358781_A_Fujian_411_2002	CY019180_A_New_York_905_2004	2004.12.27	4.017	4	4	6	6.954	7	3	9
EPI358781_A_Fujian_411_2002	CY019260_A_New_York_908_2004	2004.12.27	4.017	4	4	6	6.954	7	3	9
EPI358781_A_Fujian_411_2002	CY019300_A_New_York_913_2005	2005.1.10	4.017	4	4	6	5.964	6	2	8
EPI358781_A_Fujian_411_2002	CY019308_A_New_York_918_2005	2005.1.10	4.017	4	4	6	5.964	6	2	8
EPI358781_A_Fujian_411_2002	CY019324_A_New_York_918_2005	2005.1.10	4.017	4	4	6	5.966	6	2	8
EPI358781_A_Fujian_411_2002	CY020540_A_New_York_913_2005	2005.1.10	4.017	4	4	6	5.966	6	2	8
EPI358781_A_Fujian_411_2002	CY038686_A_Hong_Kong_HKU42_2005	2005.1.6	6.018	6	6	8	3.953	4	0	6
EPI358781_A_Fujian_411_2002	CY038702_A_Hong_Kong_HKU62_2005	2005.5.13	4.015	4	4	6	3.943	4	0	6
EPI358781_A_Fujian_411_2002	CY038710_A_Hong_Kong_HKU65_2005	2005.5.17	4.025	4	4	6	3.948	4	0	6
EPI358781_A_Fujian_411_2002	CY038718_A_Hong_Kong_HKU67_2005	2005.5.23	4.023	4	4	6	3.948	4	0	6
EPI358781_A_Fujian_411_2002	CY038734_A_Hong_Kong_HKU69_2005	2005.5.27	4.025	4	4	6	4.952	5	1	7
EPI358781_A_Fujian_411_2002	CY038742_A_Hong_Kong_HKU70_2005	2005.5.30	6.019	6	6	8	3.951	4	0	6
EPI358781_A_Fujian_411_2002	CY038758_A_Hong_Kong_HKU79_2005	2005.7.16	4.021	4	4	6	7.95	8	4	11
EPI358781_A_Fujian_411_2002	CY039054_A_Hong_Kong_HKU40_2004	2004.11.23	5.029	5	5	7	7.967	8	4	10
EPI358781_A_Fujian_411_2002	CY039062_A_Hong_Kong_HKU45_2005	2005.3.7	6.017	6	6	8	3.939	4	0	6
EPI358781_A_Fujian_411_2002	CY039070_A_Hong_Kong_HKU47_2005	2005.3.19	4.019	4	4	6	3.944	4	0	6
EPI358781_A_Fujian_411_2002	CY039214_A_Hong_Kong_HKU58_2005	2005.5.5	4.017	4	4	6	3.948	4	0	6
EPI358781_A_Fujian_411_2002	CY039230_A_Hong_Kong_HKU61_2005	2005.5.11	4.017	4	4	6	3.948	4	0	6
EPI358781_A_Fujian_411_2002	CY039238_A_Hong_Kong_HKU63_2005	2005.5.14	5.021	5	5	7	5.958	6	2	8
EPI358781_A_Fujian_411_2002	CY040329_A_Hong_Kong_HKU52_2005	2005.4.16	4.017	4	4	6	3.948	4	0	6
EPI358781_A_Fujian_411_2002	CY040345_A_Hong_Kong_HKU75_2005	2005.6.17	8.017	8	8	10	5.263	5	1	11
EPI358781_A_Fujian_411_2002	CY040353_A_Hong_Kong_HKU76_2005	2005.6.21	6.023	6	6	8	5.955	6	2	9
EPI358781_A_Fujian_411_2002	CY040361_A_Hong_Kong_HKU77_2005	2005.6.29	5.017	5	5	7	4.952	5	1	7
EPI358781_A_Fujian_411_2002	CY043767_A_Hong_Kong_HKU72_2005	2005.6.1	4.021	4	4	6	3.954	4	0	6
EPI358781_A_Fujian_411_2002	CY043775_A_Hong_Kong_HKU78_2005	2005.7.9	4.017	4	4	6	4.954	5	1	7
EPI358781_A_Fujian_411_2002	CY044404_A_Hong_Kong_HKU73_2005	2005.6.2	4.019	4	4	6	4.946	5	1	9
EPI358781_A_Fujian_411_2002	CY090996_A_South_Carolina_NHRC0001_2005	2005.2.11	6.024	6	6	8	3.971	4	0	6
EPI358781_A_Fujian_411_2002	CY091012_A_Illinois_NHRC0001_2005	2005.4.6	4.019	4	4	6	5.949	6	2	9
EPI358781_A_Fujian_411_2002	CY091140_A_Texas_NHRC0001_2005	2005.2.16	7.037	7	7	11	10.994	11	7	17
EPI358781_A_Fujian_411_2002	CY091316_A_Hong_Kong_NHRC0001_2005	2005.6.15	5.019	5	5	7	4.952	5	1	7
EPI358781_A_Fujian_411_2002	CY091436_A_California_NHRC0002_2005	2005.2.7	5.025	5	5	7	6.956	7	3	9
EPI358781_A_Fujian_411_2002	CY100575_A_Mexico_InDRE2246_2005	2005.9.11	5.021	5	5	7	3.952	4	0	6
EPI358781_A_Fujian_411_2002	CY112996_A_Netherlands_132_2004	2004.12.4	4.017	4	4	6	8.553	9	3	11
EPI358781_A_Fujian_411_2002	EPI502253_A_Wisconsin_67_2005	2005.1.1	4.017	4	4	6	3.948	4	0	6
EPI358781_A_Fujian_411_2002	KJ855424_A_Mexico_QUE2270_2005	2005.8.11	6.023	6	6	8	4.954	5	1	7
EPI358781_A_Fujian_411_2002	KJ855472_A_Mexico_TLA2227_2005	2005.9.11	6.021	6	6	8	4.956	5	1	7
EPI367109_A_California_7_2004	CY019866_A_New_York_938_2006	2006.3.2	1.006	1	1	3	1.02	1	1	6
EPI367109_A_California_7_2004	CY020372_A_New_York_938_2006	2006.3.2	1.004	1	1	3	1.015	1	1	5
EPI367109_A_California_7_2004	CY091036_A_Illinois_NHRC0002_2005	2005.12.23	1.002	1	1	3	3.314	3	3	8
EPI367109_A_California_7_2004	CY091532_A_California_NHRC0006_2005	2005.12.2	2.002	2	2	4	1.01	1	1	5
EPI367109_A_California_7_2004	CY113004_A_Netherlands_548_2005	2005.12.26	1.004	1	1	3	1.013	1	1	5
EPI367109_A_California_7_2004	CY172198_A_New_York_1001_2005	2005.11.10	1	1	1	1	3.309	3	3	7
EPI367109_A_California_7_2004	CY172390_A_New_York_1028_2006	2006.2.20	0	0	0	0	1.01	1	1	5
EPI502253_A_Wisconsin_67_2005	CY025428_A_California_UR06_0347_2007	2007.2.19	1.008	1	1	3	3.031	3	3	7
EPI502253_A_Wisconsin_67_2005	CY027570_A_Texas_UR06_0358_2007	2007.2.20	1.008	1	1	3	3.031	3	3	7
EPI502253_A_Wisconsin_67_2005	CY037310_A_Qatar_AF02_2008	2008.1.29	3.014	3	3	5	5.031	5	5	9
EPI502253_A_Wisconsin_67_2005	CY037326_A_Korea_AF05_2008	2008.2.19	1.008	1	1	3	3.037	3	3	7
EPI502253_A_Wisconsin_67_2005	CY039406_A_Taiwan_70002_2007	2007.1.2	2	2	2	2	2.311	2	2	6
EPI502253_A_Wisconsin_67_2005	CY039414_A_Taiwan_70113_2007	2007.1.15	0.018	0	0	2	1.026	1	1	5
EPI502253_A_Wisconsin_67_2005	CY040057_A_Taiwan_70307_2007	2007.2.3	1.018	1	1	3	2.032	2	2	8
EPI502253_A_Wisconsin_67_2005	CY040073_A_Taiwan_2361_2007	2007.11.12	2.008	2	2	4	6.035	6	6	10
EPI502253_A_Wisconsin_67_2005	CY040105_A_Taiwan_70120_2008	2008.1.15	1.01	1	1	3	4.035	4	4	8
EPI502253_A_Wisconsin_67_2005	CY044603_A_Boston_40_2008	2008.2.15	1.014	1	1	7	3.031	3	3	7
EPI502253_A_Wisconsin_67_2005	CY044827_A_Boston_88_2008	2008.4.16	1.008	1	1	3	4.031	4	4	8
EPI502253_A_Wisconsin_67_2005	CY113020_A_Netherlands_377_2008	2008.9.27	4.014	4	4	6	6.045	6	6	10
EPI502253_A_Wisconsin_67_2005	CY114404_A_Netherlands_363_2006	2006.12.24	4.024	4	4	6	4.06	4	4	8
EPI502253_A_Wisconsin_67_2005	CY114412_A_Netherlands_69_2007	2007.2.19	2.008	2	2	4	5.034	5	5	9
EPI502253_A_Wisconsin_67_2005	CY114420_A_Netherlands_348_2007	2007.11.6	1.008	1	1	3	5.031	5	5	9
EPI502253_A_Wisconsin_67_2005	CY173286_A_New_York_1155_2008	2008.3.27	3.008	3	3	5	3.039	3	3	7
EPI502253_A_Wisconsin_67_2005	EPI577980_A_Brisbane_10_2007	2007.2.6	1.008	1	1	3	4.031	4	4	8
EPI577980_A_Brisbane_10_2007	CY050611_A_New_York_3018_2009	2009.4.27	3.284	3	3	5	2.859	2	2	10
EPI577980_A_Brisbane_10_2007	CY050731_A_New_York_3143_2009	2009.4.30	4.283	4	4	6	2.852	2	2	10
EPI577980_A_Brisbane_10_2007	CY050795_A_New_York_3491_2009	2009.5.11	3.281	3	3	5	2.851	2	2	10
EPI577980_A_Brisbane_10_2007	CY050827_A_New_York_3738_2009	2009.5.20	3.287	3	3	11	3.846	3	3	11
EPI577980_A_Brisbane_10_2007	CY064830_A_California_VRDL138_2009	2009.4.29	3.277	3	3	5	2.842	2	2	10
EPI577980_A_Brisbane_10_2007	CY067976_A_California_VRDL339_2009	2009.5.4	2.286	2	2	5	2.857	2	2	10
EPI577980_A_Brisbane_10_2007	CY068104_A_California_VRDL368_2009	2009.4.27	0.278	0	0	2	1.842	1	1	7
EPI577980_A_Brisbane_10_2007	CY068208_A_California_VRDL170_2009	2009.4.28	1.279	1	1	3	1.838	1	1	9
EPI577980_A_Brisbane_10_2007	CY068232_A_California_VRDL188_2009	2009.4.29	0.285	0	0	4	2.86	2	2	13
EPI577980_A_Brisbane_10_2007	CY068296_A_California_VRDL247_2009	2009.4.29	1.28	1	1	3	2.848	2	2	10
EPI577980_A_Brisbane_10_2007	CY068336_A_California_VRDL260_2009	2009.5.1	2.286	2	2	5	3.857	3	3	11
EPI577980_A_Brisbane_10_2007	CY068360_A_California_VRDL263_2009	2009.4.30	2.286	2	2	5	2.857	2	2	10
EPI577980_A_Brisbane_10_2007	CY068416_A_California_VRDL277_2009	2009.4.30	2.312	2	2	5	3.859	3	3	11
EPI577980_A_Brisbane_10_2007	CY068480_A_California_VRDL309_2009	2009.5.2	3.298	3	3	6	4.867	4	4	12
EPI577980_A_Brisbane_10_2007	CY068640_A_California_VRDL394_2009	2009.4.28	0.283	0	0	2	3.855	3	3	11
EPI577980_A_Brisbane_10_2007	CY068781_A_California_VRDL205_2009	2009.4.29	0.283	0	0	2	2.857	2	2	10
EPI577980_A_Brisbane_10_2007	CY069322_A_Korea_WRAIR1038P_2009	2009.4.9	2.29	2	2	5	3.855	3	3	11
EPI577980_A_Brisbane_10_2007	CY069426_A_Japan_WRAIR1140P_2009	2009.2.9	1.465	1	1	3	4.44	3	3	9
EPI577980_A_Brisbane_10_2007	CY072221_A_New_York_20343_2010	2010.6.16	4.325	4	4	7	3.002	2	2	10
EPI577980_A_Brisbane_10_2007	CY077432_A_California_VRDL356_2009	2009.6.2	3.286	3	3	6	3.859	3	3	11
EPI577980_A_Brisbane_10_2007	CY084416_A_New_York_3918_2009	2009.6.5	3.284	3	3	5	3.859	3	3	11
EPI577980_A_Brisbane_10_2007	CY089740_A_Boston_40_2009	2009.2.27	0.283	0	0	2	2.855	2	2	10
EPI577980_A_Brisbane_10_2007	CY089756_A_Boston_75_2009	2009.1.16	2.275	2	2	4	1.838	1	1	9
EPI577980_A_Brisbane_10_2007	CY093237_A_South_Korea_WRAIR1171P_2009	2009.1.1	0.285	0	0	2	1.863	1	1	9
EPI577980_A_Brisbane_10_2007	CY093316_A_Kyrgyzstan_WRAIR1256P_2008	2008.12.1	0.274	0	0	2	1.827	1	1	7
EPI577980_A_Brisbane_10_2007	CY093348_A_Kuwait_WRAIR1561P_2009	2009.1.1	0.284	0	0	2	2.862	2	2	10
EPI577980_A_Brisbane_10_2007	CY106599_A_Hong_Kong_H090_671_V10_2009	2009.7.6	5.324	5	5	8	4	3	3	11
EPI577980_A_Brisbane_10_2007	CY106647_A_Hong_Kong_H090_689_V22_2009	2009.7.12	2.286	2	2	5	2.857	2	2	10
EPI577980_A_Brisbane_10_2007	CY106655_A_Hong_Kong_H090_692_V10_2009	2009.7.10	2.286	2	2	5	2.853	2	2	10
EPI577980_A_Brisbane_10_2007	CY106703_A_Hong_Kong_H090_714_V10_2009	2009.7.15	2.286	2	2	5	2.857	2	2	10
EPI577980_A_Brisbane_10_2007	CY106735_A_Hong_Kong_H090_720_V31_2009	2009.7.24	5.323	5	5	8	3.995	3	3	11
EPI577980_A_Brisbane_10_2007	CY106743_A_Hong_Kong_H090_724_V10_2009	2009.7.20	2.286	2	2	5	2.853	2	2	10
EPI577980_A_Brisbane_10_2007	CY106751_A_Hong_Kong_H090_724_V20_2009	2009.7.22	2.286	2	2	5	2.855	2	2	10
EPI577980_A_Brisbane_10_2007	CY106791_A_Hong_Kong_H090_733_V10_2009	2009.7.22	3.283	3	3	6	2.848	2	2	10
EPI577980_A_Brisbane_10_2007	CY106847_A_Hong_Kong_H090_739_V22_2009	2009.7.27	3.286	3	3	6	3.853	3	3	11
EPI577980_A_Brisbane_10_2007	CY106863_A_Hong_Kong_H090_739_V33_2009	2009.7.29	3.286	3	3	6	3.853	3	3	11
EPI577980_A_Brisbane_10_2007	CY106871_A_Hong_Kong_H090_741_V10_2009	2009.7.24	2.286	2	2	5	2.857	2	2	10
EPI577980_A_Brisbane_10_2007	CY106879_A_Hong_Kong_H090_747_V10_2009	2009.7.28	2.29	2	2	5	3.851	3	3	11
EPI577980_A_Brisbane_10_2007	CY113028_A_Netherlands_69_2009	2009.1.12	2.276	2	2	4	2.835	2	2	10
EPI577980_A_Brisbane_10_2007	CY113044_A_Netherlands_761_2009	2009.6.25	1.277	1	1	3	6.846	6	5	14
EPI577980_A_Brisbane_10_2007	CY115527_A_Hong_Kong_H090_689_V20_2009	2009.7.12	2.286	2	2	5	2.859	2	2	10
EPI577980_A_Brisbane_10_2007	CY115647_A_Hong_Kong_H090_726_V10_2009	2009.7.20	2.286	2	2	5	2.855	2	2	10
EPI577980_A_Brisbane_10_2007	CY115687_A_Hong_Kong_H090_734_V32_2009	2009.7.27	2.286	2	2	5	3.857	3	3	11
EPI577980_A_Brisbane_10_2007	CY115727_A_Hong_Kong_H090_739_V23_2009	2009.7.27	3.286	3	3	6	3.853	3	3	11
EPI577980_A_Brisbane_10_2007	CY115735_A_Hong_Kong_H090_739_V33_2009	2009.7.29	3.288	3	3	6	3.853	3	3	11
EPI577980_A_Brisbane_10_2007	CY147666_A_Mexico_24013_2008	2008.12.1	0.277	0	0	2	1.843	1	1	9
EPI577980_A_Brisbane_10_2007	EPI577969_A_Perth_16_2009	2009.4.7	3.289	3	3	6	3.852	3	3	11
EPI577980_A_Brisbane_10_2007	HQ664917_A_Nanjing_1655_2010	2010.9.10	3.304	3	3	6	6.902	6	6	14
EPI577980_A_Brisbane_10_2007	HQ664922_A_Nanjing_1654_2010	2010.9.10	4.327	4	4	7	7.911	7	7	15
EPI577980_A_Brisbane_10_2007	HQ664929_A_Nanjing_1663_2010	2010.9.10	3.304	3	3	6	6.902	6	6	14
EPI577980_A_Brisbane_10_2007	KY049985_A_Qinghai_178_2010	2010.3.15	3.304	3	3	6	6.902	6	6	14
EPI577969_A_Perth_16_2009	CY091580_A_Illinois_NHRC0002_2011	2011.1.19	5.15	5	5	8	9.459	9	9	17
EPI577969_A_Perth_16_2009	CY091588_A_California_NHRC0001_2011	2011.1.14	5.15	5	5	8	7.465	7	7	15
EPI577969_A_Perth_16_2009	CY092272_A_California_NHRC0003_2011	2011.1.28	5.15	5	5	8	7.459	7	7	13
EPI577969_A_Perth_16_2009	CY092288_A_California_NHRC0002_2011	2011.1.16	5.15	5	5	8	7.461	7	7	13
EPI577969_A_Perth_16_2009	CY093221_A_District_of_Columbia_WRAIR0300_2010	2010.11.17	6.216	6	6	9	3.684	3	3	9
EPI577969_A_Perth_16_2009	CY093540_A_Mexico_City_WRAIR3579T_2010	2010.12.9	5.15	5	5	8	7.457	7	7	15
EPI577969_A_Perth_16_2009	CY111165_A_Boston_DOA05_2011	2011.1.11	6.15	6	6	9	7.459	7	7	15
EPI577969_A_Perth_16_2009	CY111309_A_Boston_DOA48_2011	2011.2.16	7.219	7	7	10	4.65	4	4	10
EPI577969_A_Perth_16_2009	CY111317_A_Boston_DOA51_2011	2011.2.18	7.217	7	7	10	3.652	3	3	9
EPI577969_A_Perth_16_2009	CY111421_A_Boston_DOA78_2011	2011.3.14	6.15	6	6	9	7.457	7	7	13
EPI577969_A_Perth_16_2009	CY114428_A_Netherlands_063_2011	2011.1.5	6.165	6	6	9	10.454	10	10	16
EPI577969_A_Perth_16_2009	CY114516_A_Netherlands_034_2010	2010.12.23	6.217	6	6	9	3.655	3	3	9
EPI577969_A_Perth_16_2009	CY134520_A_Boston_DOA38_2011	2011.2.12	6.15	6	6	9	7.459	7	7	15
EPI577969_A_Perth_16_2009	CY134568_A_Boston_DOA47_2011	2011.2.14	5.15	5	5	8	9.455	9	9	15
EPI577969_A_Perth_16_2009	CY167515_A_Tennessee_F2018A_2011	2011.1.24	5.154	5	5	8	9.463	9	9	15
EPI577969_A_Perth_16_2009	CY167571_A_Tennessee_F2031A_2011	2011.2.7	5.15	5	5	8	8.455	8	8	14
EPI577969_A_Perth_16_2009	EPI417234_A_Victoria_361_2011	2011.10.24	7.226	7	7	10	7.671	7	7	13
EPI577969_A_Perth_16_2009	EPI556813_A_Texas_50_2012	2012.4.15	9.221	9	9	12	6.669	6	6	12
EPI577969_A_Perth_16_2009	KC882441_A_Iowa_19_2010	2010.12.30	5.152	5	5	8	8.455	8	8	14
EPI577969_A_Perth_16_2009	KC882476_A_Texas_24_2010	2010.12.31	8.154	8	8	11	8.465	8	8	16
EPI577969_A_Perth_16_2009	KC882565_A_New_Jersey_01_2011	2011.1.11	7.217	7	7	10	3.652	3	3	9
EPI577969_A_Perth_16_2009	KC882641_A_Texas_06_2011	2011.2.5	5.15	5	5	8	7.459	7	7	13
EPI577969_A_Perth_16_2009	KC892843_A_Nevada_12_2012	2012.3.30	6.162	6	6	9	10.472	10	9	16
EPI577969_A_Perth_16_2009	KR137644_A_Bethesda_NIH12_2011	2011.2.15	8.219	8	8	11	3.775	3	3	10
EPI577969_A_Perth_16_2009	KT888257_A_Moscow_1514A00504942N_2012	2012.1.19	8.218	8	8	11	4.776	4	4	12
EPI577969_A_Perth_16_2009	KT888258_A_Moscow_1514A00504950T_2012	2012.1.11	6.219	6	6	9	3.653	3	3	9
EPI577969_A_Perth_16_2009	KT888259_A_Moscow_1514A00505149T_2012	2012.4.12	9.22	9	8	12	4.652	4	4	10
EPI577969_A_Perth_16_2009	KT888260_A_Moscow_1514A00505153N_2012	2012.3.23	9.224	9	9	12	4.661	4	4	10
EPI577969_A_Perth_16_2009	KT888261_A_Moscow_1514A00505162N_2012	2012.4.13	9.224	9	9	12	4.663	4	4	12
EPI577969_A_Perth_16_2009	KT888262_A_Mexico_City_1514A00904139N_CP2_2010	2010.12.29	6.15	6	6	9	7.458	7	7	13
EPI577969_A_Perth_16_2009	KT888267_A_Amman_1514A01004462T_2012	2012.1.11	6.226	6	6	12	5.653	5	5	15
EPI577969_A_Perth_16_2009	KT888268_A_Amman_1514A01004465T_2011	2011.12.5	6.223	6	6	9	5.652	5	5	11
EPI577969_A_Perth_16_2009	KT888275_A_Hong_Kong_1514A01704826T_2011	2011.11.15	7.218	7	7	11	5.66	5	5	11
EPI577969_A_Perth_16_2009	KT888279_A_Prague_1514A06404885N_2012	2012.4.12	8.221	8	8	11	5.67	5	5	11
EPI577969_A_Perth_16_2009	KT888281_A_Sarajevo_1514A06604486N_2012	2012.1.11	5.152	5	5	8	11.466	11	10	17
EPI577969_A_Perth_16_2009	KT888283_A_Budapest_1514A07804502N_2011	2011.12.12	7.218	7	7	10	3.65	3	3	9
EPI577969_A_Perth_16_2009	KT888944_A_Yokosuka_SE680_2012	2012.1.24	7.219	7	7	10	3.648	3	3	9
EPI577969_A_Perth_16_2009	KT888945_A_Yokosuka_SE863_2012	2012.2.3	6.219	6	6	9	3.653	3	3	9
EPI577969_A_Perth_16_2009	KT889082_A_Japan_17_2012	2012.1.31	7.221	7	7	10	5.651	5	5	11
EPI577969_A_Perth_16_2009	KT889083_A_Korea_18_2012	2012.1.24	9.235	9	9	12	8.677	8	8	14
EPI577969_A_Perth_16_2009	KT889087_A_Japan_22_2011	2011.12.20	8.156	8	8	11	11.469	11	11	17
EPI577969_A_Perth_16_2009	KT889091_A_Japan_26_2012	2012.3.5	8.244	8	8	11	4.657	4	4	10
EPI577969_A_Perth_16_2009	KT889099_A_Korea_37_2012	2012.1.19	8.219	8	8	11	7.669	7	7	13
EPI577969_A_Perth_16_2009	KT889102_A_Kyrgyzstan_40_2012	2012.1.12	7.219	7	7	10	6.665	6	6	12
EPI577969_A_Perth_16_2009	KT889103_A_Kyrgyzstan_41_2012	2012.1.12	7.219	7	7	10	6.665	6	6	12
EPI577969_A_Perth_16_2009	KT889104_A_Japan_42_2012	2012.1.31	7.221	7	7	10	5.653	5	5	11
EPI577969_A_Perth_16_2009	KT889105_A_Japan_43_2012	2012.2.5	7.22	7	7	10	5.648	5	5	11
EPI577969_A_Perth_16_2009	KT889107_A_Korea_45_2012	2012.1.13	8.224	8	8	11	4.657	4	4	10
EPI577969_A_Perth_16_2009	KT889108_A_Korea_47_2012	2012.1.20	7.221	7	7	10	5.663	5	5	11
EPI577969_A_Perth_16_2009	MK640845_A_China_38887_2012	2012.8.29	7.22	7	7	10	7.659	7	7	13
EPI577969_A_Perth_16_2009	MK640846_A_China_38888_2012	2012.8.29	7.221	7	7	11	7.669	7	7	13
EPI577969_A_Perth_16_2009	MK640847_A_China_39207_2012	2012.9.26	8.217	8	8	11	5.663	5	5	11
EPI577969_A_Perth_16_2009	MK729833_A_New_York_WC_LVD_10_001_2010	2010.11.4	7.216	7	7	10	5.648	5	5	11
EPI577969_A_Perth_16_2009	MK729873_A_New_York_WC_LVD_10_006_2010	2010.12.16	4.936	4	4	10	4.487	4	4	12
EPI417234_A_Victoria_361_2011	CY134779_A_Texas_JMM_8_2012	2012.11.20	6.203	6	6	9	12.649	12	12	18
EPI417234_A_Victoria_361_2011	CY135131_A_Texas_JMM_54_2012	2012.12.6	3.089	3	3	11	7.105	7	5	16
EPI417234_A_Victoria_361_2011	CY148427_A_Boston_DOA2_112_2012	2012.12.4	2.097	2	2	10	9.115	9	9	18
EPI417234_A_Victoria_361_2011	CY148547_A_Boston_DOA2_128_2012	2012.12.18	2.096	2	2	10	8.12	8	8	17
EPI417234_A_Victoria_361_2011	CY148707_A_Boston_DOA2_149_2013	2013.1.9	5.079	5	5	13	6.095	6	6	15
EPI417234_A_Victoria_361_2011	CY148787_A_Boston_DOA2_161_2013	2013.1.2	4.084	4	4	12	6.105	6	6	15
EPI417234_A_Victoria_361_2011	CY148923_A_Boston_DOA2_180_2013	2013.1.13	4.089	4	4	12	7.108	7	7	18
EPI417234_A_Victoria_361_2011	CY149131_A_Boston_DOA2_218_2013	2013.1.15	3.081	3	3	11	5.096	5	5	14
EPI417234_A_Victoria_361_2011	CY149323_A_Boston_DOA2_245_2013	2013.1.25	4.09	4	4	12	7.109	7	7	16
EPI417234_A_Victoria_361_2011	CY167934_A_Boston_YGA_00008_2012	2012.12.19	3.08	3	3	11	5.095	5	5	14
EPI417234_A_Victoria_361_2011	CY168094_A_Boston_YGA_00035_2013	2013.1.10	4.07	4	4	11	7.087	7	7	16
EPI417234_A_Victoria_361_2011	CY168238_A_Boston_YGA_00054_2013	2013.1.24	6.078	6	6	14	5.101	5	5	14
EPI417234_A_Victoria_361_2011	CY168846_A_Boston_YGA_01045_2012	2012.12.25	6.199	6	6	9	12.643	12	12	17
EPI417234_A_Victoria_361_2011	CY168878_A_Boston_YGA_01049_2012	2012.12.26	3.088	3	3	11	7.102	7	5	16
EPI417234_A_Victoria_361_2011	CY169366_A_Boston_YGA_01115_2013	2013.1.1	3.08	3	3	11	5.095	5	5	14
EPI417234_A_Victoria_361_2011	CY169798_A_Boston_YGA_01173_2013	2013.1.17	3.091	3	3	11	5.109	5	5	14
EPI417234_A_Victoria_361_2011	CY169878_A_Boston_YGA_01186_2013	2013.1.21	3.09	3	3	11	7.108	7	7	16
EPI417234_A_Victoria_361_2011	CY170126_A_Boston_YGA_02003_2012	2012.12.17	3.074	3	3	10	7.091	7	7	16
EPI417234_A_Victoria_361_2011	CY170350_A_Boston_YGA_02039_2013	2013.1.19	4.09	4	4	12	8.11	8	8	17
EPI417234_A_Victoria_361_2011	CY170574_A_Santa_Clara_YGA_03016_2013	2013.1.17	3.092	3	3	11	7.108	7	5	16
EPI417234_A_Victoria_361_2011	CY170998_A_Santa_Clara_YGA_03074_2013	2013.1.8	3.082	3	3	11	5.097	5	5	14
EPI417234_A_Victoria_361_2011	CY171246_A_Chicago_YGA_04053_2012	2012.12.18	3.064	3	3	10	5.083	5	5	14
EPI417234_A_Victoria_361_2011	CY171270_A_Chicago_YGA_04056_2012	2012.12.18	3.089	3	3	11	6.105	6	6	15
EPI417234_A_Victoria_361_2011	CY171342_A_Chicago_YGA_04090_2012	2012.12.26	3.086	3	3	11	5.104	5	5	14
EPI417234_A_Victoria_361_2011	CY171406_A_Chicago_YGA_04102_2012	2012.12.27	3.07	3	3	10	5.09	5	5	14
EPI417234_A_Victoria_361_2011	CY171638_A_Chicago_YGA_04135_2013	2013.1.3	3.092	3	3	11	5.112	5	5	14
EPI417234_A_Victoria_361_2011	CY171734_A_Chicago_YGA_04198_2013	2013.1.23	8.203	8	8	11	12.677	12	12	18
EPI417234_A_Victoria_361_2011	CY182800_A_Houston_JMM_74_2012	2012.12.15	3.089	3	3	11	8.105	8	6	17
EPI417234_A_Victoria_361_2011	CY182848_A_Houston_JMM_80_2012	2012.12.18	3.085	3	3	11	7.101	7	5	16
EPI417234_A_Victoria_361_2011	CY182880_A_Houston_JMM_85_2012	2012.12.19	3.089	3	3	11	8.105	8	6	17
EPI417234_A_Victoria_361_2011	CY182960_A_Houston_JMM_96_2012	2012.12.29	3.089	3	3	11	8.105	8	6	17
EPI417234_A_Victoria_361_2011	CY183136_A_Houston_JMM_120_2013	2013.1.8	4.082	4	4	12	6.099	6	6	15
EPI417234_A_Victoria_361_2011	CY207362_A_New_York_WC_LVD_14_073_2014	2014.12.3	3.06	3	3	10	9.087	9	9	18
EPI417234_A_Victoria_361_2011	CY207634_A_New_York_WC_LVD_14_094_2014	2014.12.26	6.088	6	6	14	7.101	7	7	16
EPI417234_A_Victoria_361_2011	CY207882_A_New_York_WC_LVD_14_097_2014	2014.11.10	3.057	3	3	10	8.083	8	8	17
EPI417234_A_Victoria_361_2011	EPI614441_A_Switzerland_9715293_2013	2013.12.6	4.084	4	4	12	5.103	5	5	14
EPI417234_A_Victoria_361_2011	KF034876_A_Suzhou_1275_2013	2013.4.4	3.084	3	3	11	6.1	6	5	15
EPI417234_A_Victoria_361_2011	KR057629_A_Hawaii_39_2014	2014.8.13	4.06	4	4	11	8.094	8	8	17
EPI417234_A_Victoria_361_2011	KR057691_A_California_18_2014	2014.8.8	4.064	4	4	11	8.091	8	8	17
EPI417234_A_Victoria_361_2011	KT835748_A_Maryland_02_2015	2015.1.24	3.074	3	3	11	8.113	8	8	17
EPI417234_A_Victoria_361_2011	KT835964_A_California_20_2015	2015.1.20	6.066	6	6	13	9.107	9	9	18
EPI417234_A_Victoria_361_2011	KT836015_A_North_Carolina_25_2015	2015.1.25	3.057	3	3	10	12.093	12	12	21
EPI417234_A_Victoria_361_2011	KT836198_A_North_Carolina_03_2015	2015.1.20	4.096	4	4	12	10.119	10	10	19
EPI417234_A_Victoria_361_2011	KT836316_A_West_Virginia_07_2015	2015.1.25	4.084	4	4	12	10.108	10	10	19
EPI417234_A_Victoria_361_2011	KT836426_A_Iowa_12_2015	2015.1.30	3.091	3	3	11	8.116	8	8	17
EPI417234_A_Victoria_361_2011	KT837113_A_California_19_2014	2014.9.4	4.075	4	4	11	9.096	9	9	18
EPI417234_A_Victoria_361_2011	KT837844_A_Colorado_15_2014	2014.10.4	5.065	5	5	12	10.09	10	10	19
EPI417234_A_Victoria_361_2011	KT837873_A_Mississippi_05_2014	2014.10.14	3.06	3	3	10	8.089	8	8	17
EPI417234_A_Victoria_361_2011	KT838103_A_Maryland_28_2014	2014.10.14	6.078	6	6	14	8.101	8	8	17
EPI417234_A_Victoria_361_2011	KT838296_A_Minnesota_28_2014	2014.10.18	4.06	4	4	11	8.085	8	8	17
EPI417234_A_Victoria_361_2011	KT838328_A_Louisiana_11_2014	2014.10.21	4.068	4	4	11	8.103	8	8	17
EPI417234_A_Victoria_361_2011	KT838891_A_Georgia_04_2014	2014.11.20	4.072	4	4	12	10.1	10	10	19
EPI417234_A_Victoria_361_2011	KT838993_A_Missouri_11_2014	2014.11.18	7.068	7	7	14	8.103	8	8	17
EPI417234_A_Victoria_361_2011	KT839062_A_Texas_62_2014	2014.11.3	3.088	3	3	11	8.109	8	8	17
EPI417234_A_Victoria_361_2011	KT839395_A_Pennsylvania_49_2014	2014.11.28	5.084	5	5	13	10.114	10	10	19
EPI417234_A_Victoria_361_2011	KT839657_A_Alabama_10_2014	2014.12.4	3.07	3	3	11	11.104	11	11	20
EPI417234_A_Victoria_361_2011	KT840076_A_Tennessee_15_2014	2014.12.9	3.085	3	3	11	9.106	9	9	18
EPI417234_A_Victoria_361_2011	KT840285_A_Virginia_37_2014	2014.12.5	3.095	3	3	11	11.115	11	11	20
EPI417234_A_Victoria_361_2011	KT840798_A_Massachusetts_23_2014	2014.12.14	3.074	3	3	11	9.102	9	9	18
EPI417234_A_Victoria_361_2011	KT840865_A_Washington_60_2014	2014.12.23	4.057	4	4	11	8.151	8	8	17
EPI417234_A_Victoria_361_2011	KT841078_A_California_43_2014	2014.12.23	4.09	4	4	12	10.113	10	10	19
EPI417234_A_Victoria_361_2011	KT841228_A_North_Carolina_06_2015	2015.1.7	4.097	4	4	12	9.132	9	9	18
EPI417234_A_Victoria_361_2011	KT841571_A_Rhode_Island_05_2015	2015.1.7	3.081	3	3	11	9.112	9	9	18
EPI417234_A_Victoria_361_2011	KT841585_A_South_Dakota_01_2015	2015.1.5	4.076	4	4	11	10.099	10	10	19
EPI417234_A_Victoria_361_2011	KT841691_A_Kentucky_01_2015	2015.1.1	5.065	5	5	12	10.108	10	10	19
EPI417234_A_Victoria_361_2011	KT841712_A_Wisconsin_02_2015	2015.1.6	4.07	4	4	11	10.098	10	10	19
EPI417234_A_Victoria_361_2011	KT842043_A_Indiana_13_2015	2015.2.17	7.093	7	7	15	9.122	9	9	18
EPI417234_A_Victoria_361_2011	KT842079_A_Pennsylvania_05_2015	2015.2.6	4.074	4	4	12	10.104	10	10	19
EPI417234_A_Victoria_361_2011	KT842218_A_Delaware_18_2015	2015.2.23	5.095	5	5	13	9.113	9	9	18
EPI417234_A_Victoria_361_2011	KT842837_A_South_Dakota_35_2015	2015.3.14	5.065	5	5	12	8.104	8	8	17
EPI417234_A_Victoria_361_2011	KT842864_A_North_Dakota_06_2015	2015.3.8	3.094	3	3	11	11.195	11	11	20
EPI417234_A_Victoria_361_2011	KT843589_A_Iowa_34_2015	2015.7.30	3.079	3	3	11	9.106	9	9	18
EPI417234_A_Victoria_361_2011	KT843646_A_Alaska_26_2015	2015.6.14	4.059	4	4	11	9.087	9	9	18
EPI417234_A_Victoria_361_2011	KT843896_A_Ohio_26_2015	2015.8.17	4.087	4	4	12	10.112	10	10	19
EPI417234_A_Victoria_361_2011	KT844012_A_Iowa_28_2015	2015.7.30	3.06	3	3	10	9.087	9	9	18
EPI417234_A_Victoria_361_2011	KT844048_A_Washington_36_2015	2015.5.10	3.065	3	3	11	8.102	8	8	17
EPI417234_A_Victoria_361_2011	KT844075_A_Alaska_69_2015	2015.6.26	3.084	3	3	11	9.106	9	9	18
EPI417234_A_Victoria_361_2011	KT888272_A_Kabul_1514A01305430N_2013	2013.1.7	3.09	3	3	11	6.108	6	6	15
EPI417234_A_Victoria_361_2011	KT888276_A_Taipei_1514A02605215N_2013	2013.5.7	3.09	3	3	11	6.108	6	6	15
EPI417234_A_Victoria_361_2011	KT888277_A_Taipei_1514A02605215T_2013	2013.5.7	3.082	3	3	11	6.099	6	6	15
EPI417234_A_Victoria_361_2011	KT888280_A_Pristina_1514A06505401N_2013	2013.2.6	3.074	3	3	10	6.097	6	6	17
EPI417234_A_Victoria_361_2011	KT888284_A_Budapest_1514A07805419T_2013	2013.2.5	3.089	3	3	11	6.105	6	6	15
EPI417234_A_Victoria_361_2011	KT888285_A_Budapest_1514A07805832T_2013	2013.2.6	3.074	3	3	11	6.092	6	6	15
EPI417234_A_Victoria_361_2011	KU589864_A_New_Hampshire_40_2015	2015.9.14	5.072	5	5	13	10.114	10	10	19
EPI417234_A_Victoria_361_2011	KU590701_A_Ohio_28_2015	2015.9.17	3.06	3	3	10	9.089	9	9	18
EPI417234_A_Victoria_361_2011	KY116931_A_Alaska_232_2015	2015.9.9	5.062	5	5	12	10.091	10	10	19
EPI417234_A_Victoria_361_2011	KY487521_A_Columbia_P0079_2014	2014.12.25	4.077	4	4	12	9.098	9	9	18
EPI417234_A_Victoria_361_2011	KY509828_A_Seoul_1595_2015	2015.9.14	10.121	10	10	18	14.162	14	14	23
EPI417234_A_Victoria_361_2011	KY615536_A_Columbia_P0112_2014	2014.12.27	7.579	8	7	15	12.607	13	12	24
EPI417234_A_Victoria_361_2011	KY681484_A_Saudi_Arabia_07_2014	2014.10.4	4.08	4	4	12	6.102	6	6	15
EPI417234_A_Victoria_361_2011	KY681500_A_Saudi_Arabia_28_2015	2015.9.25	4.086	4	4	12	9.112	9	9	18
EPI417234_A_Victoria_361_2011	LC032870_A_Kyoto_13K025_2014	2014.2.5	5.092	5	5	13	7.131	7	7	22
EPI417234_A_Victoria_361_2011	LC032886_A_Kyoto_13K054_2014	2014.2.13	4.074	4	4	11	6.094	6	6	15
EPI417234_A_Victoria_361_2011	LC032990_A_Hokkaido_13H009_2014	2014.1.14	4.092	4	4	12	8.129	8	8	17
EPI417234_A_Victoria_361_2011	LC033126_A_Niigata_13F024_2014	2014.1.31	5.092	5	5	13	5.11	5	5	14
EPI417234_A_Victoria_361_2011	LC033134_A_Niigata_13F335_2014	2014.3.3	5.091	5	5	13	8.117	8	8	17
EPI417234_A_Victoria_361_2011	LC033302_A_Nagasaki_13N004_2014	2014.1.2	3.074	3	3	10	7.096	7	7	16
EPI417234_A_Victoria_361_2011	LC033310_A_Nagasaki_13N007_2014	2014.1.13	3.084	3	3	11	6.103	6	6	15
EPI417234_A_Victoria_361_2011	LC033326_A_Nagasaki_13N046_2014	2014.1.30	4.09	4	4	12	7.114	7	7	16
EPI417234_A_Victoria_361_2011	MK640848_A_China_41303_2012	2012.12.24	5.092	5	5	13	7.112	7	7	16
EPI417234_A_Victoria_361_2011	MK640849_A_China_41304_2012	2012.12.24	3.082	3	3	11	6.099	6	6	15
EPI417234_A_Victoria_361_2011	MK640850_A_China_41678_2013	2013.1.5	3.093	3	3	11	6.355	6	6	15
EPI417234_A_Victoria_361_2011	MK640851_A_China_41691_2013	2013.1.5	3.089	3	3	11	7.105	7	7	16
EPI417234_A_Victoria_361_2011	MK640852_A_China_44381_2013	2013.4.9	3.078	3	3	11	6.097	6	6	15
EPI417234_A_Victoria_361_2011	MK640853_A_China_51045_2013	2013.12.29	4.08	4	4	11	8.094	8	8	17
EPI417234_A_Victoria_361_2011	MK640854_A_China_51323_2014	2014.1.6	5.093	5	5	13	8.121	8	8	17
EPI417234_A_Victoria_361_2011	MK640855_A_China_51340_2014	2014.1.6	4.092	4	4	12	10.104	10	9	19
EPI417234_A_Victoria_361_2011	MK640856_A_China_55254_2014	2014.5.8	5.082	5	5	13	5.098	5	5	14
EPI417234_A_Victoria_361_2011	MK640857_A_China_55312_2014	2014.5.13	4.092	4	4	12	5.112	5	5	14
EPI417234_A_Victoria_361_2011	MK640859_A_China_59100_2014	2014.11.14	4.086	4	4	12	5.103	5	5	14
EPI417234_A_Victoria_361_2011	MK640865_A_China_60938_2014	2014.12.9	4.091	4	4	12	6.106	6	6	15
EPI417234_A_Victoria_361_2011	MK640867_A_China_J7525_2014	2014.12.9	4.093	4	4	12	5.114	5	5	14
EPI417234_A_Victoria_361_2011	MK640868_A_China_J7506_2014	2014.12.9	5.084	5	5	13	7.107	7	7	16
EPI417234_A_Victoria_361_2011	MK640871_A_China_60701_2014	2014.12.11	4.08	4	4	12	5.098	5	5	14
EPI417234_A_Victoria_361_2011	MK640877_A_China_61248_2014	2014.12.16	4.08	4	4	12	6.098	6	6	15
EPI417234_A_Victoria_361_2011	MK640878_A_China_61391_2014	2014.12.18	3.093	3	3	11	8.114	8	8	17
EPI417234_A_Victoria_361_2011	MK640879_A_China_61007_2014	2014.12.18	6.093	6	6	14	6.119	6	6	15
EPI417234_A_Victoria_361_2011	MK640881_A_China_60736_2014	2014.12.18	4.092	4	4	12	6.109	6	6	15
EPI417234_A_Victoria_361_2011	MK640882_A_China_60786_2014	2014.12.18	4.086	4	4	12	5.102	5	5	14
EPI417234_A_Victoria_361_2011	MK640885_A_China_61309_2014	2014.12.18	4.08	4	4	12	5.098	5	5	14
EPI417234_A_Victoria_361_2011	MK640887_A_China_61520_2014	2014.12.19	4.084	4	4	12	6.101	6	6	15
EPI417234_A_Victoria_361_2011	MK640892_A_China_61481_2014	2014.12.23	5.092	5	5	13	8.117	8	8	17
EPI417234_A_Victoria_361_2011	MK640894_A_China_62885_2015	2015.1.27	4.082	4	4	12	6.105	6	6	16
EPI417234_A_Victoria_361_2011	MK640895_A_China_62889_2015	2015.1.27	4.08	4	4	12	5.098	5	5	14
EPI417234_A_Victoria_361_2011	MK640896_A_China_62895_2015	2015.1.27	5.084	5	5	13	5.104	5	5	14
EPI417234_A_Victoria_361_2011	MK640897_A_China_63513_2015	2015.2.17	6.092	6	6	14	6.113	6	6	15
EPI417234_A_Victoria_361_2011	MK640899_A_China_66886_2015	2015.7.22	3.08	3	3	11	9.102	9	9	18
EPI417234_A_Victoria_361_2011	MK640901_A_China_67013_2015	2015.8.24	3.081	3	3	11	10.113	10	10	19
EPI417234_A_Victoria_361_2011	MK730233_A_New_York_WC_LVD_12_051_2012	2012.10.5	3.078	3	3	11	6.106	6	6	15
EPI417234_A_Victoria_361_2011	MK730273_A_New_York_WC_LVD_12_057_2012	2012.12.7	5.083	5	5	13	5.104	5	5	14
EPI417234_A_Victoria_361_2011	MK730497_A_New_York_WC_LVD_12_086_2012	2012.12.17	4.065	4	4	12	6.087	6	6	15
EPI417234_A_Victoria_361_2011	MK817973_A_Maryland_178_5D_2013	2013.2.7	4.086	4	4	12	5.113	5	5	14
EPI417234_A_Victoria_361_2011	MK818117_A_Maryland_63_5D_2013	2013.1.11	3.088	3	3	11	6.114	6	6	16
EPI417234_A_Victoria_361_2011	MK969839_A_Maryland_127_17D_2013	2013.2.4	4.091	4	4	12	7.112	7	7	16
EPI417234_A_Victoria_361_2011	MK970023_A_Maryland_22_1_2012	2012.12.12	3.089	3	3	11	5.105	5	5	14
EPI614441_A_Switzerland_9715293_2013	CY208845_A_Texas_182_2016	2016.8.31	2.311	2	2	14	7.053	7	7	21
EPI614441_A_Switzerland_9715293_2013	CY264049_A_Arizona_67_2016	2016.5.4	3.31	3	3	15	4.051	4	4	16
EPI614441_A_Switzerland_9715293_2013	EPI686117_A_Hong_Kong_15611_2015	2015.10.19	3.31	3	3	15	4.049	4	4	16
EPI614441_A_Switzerland_9715293_2013	KU591160_A_Hawaii_68_2015	2015.10.5	2.288	2	2	14	4.075	4	4	16
EPI614441_A_Switzerland_9715293_2013	KU592163_A_Hawaii_74_2015	2015.10.9	2.288	2	2	14	5.047	5	5	17
EPI614441_A_Switzerland_9715293_2013	KU592184_A_South_Dakota_39_2015	2015.10.13	2.306	2	2	14	4.044	4	4	16
EPI614441_A_Switzerland_9715293_2013	KX412042_A_Iowa_45_2015	2015.10.22	2.287	2	2	14	5.034	5	3	15
EPI614441_A_Switzerland_9715293_2013	KX413283_A_Georgia_40_2016	2016.3.6	4.165	4	4	16	4.044	4	4	16
EPI614441_A_Switzerland_9715293_2013	KX414582_A_Washington_26_2016	2016.1.19	2.312	2	2	14	6.053	6	6	18
EPI614441_A_Switzerland_9715293_2013	KX416117_A_Washington_47_2016	2016.3.14	3.303	3	3	15	5.079	5	5	19
EPI614441_A_Switzerland_9715293_2013	KX416429_A_Hawaii_28_2016	2016.2.29	1.308	1	1	13	6.053	6	6	18
EPI614441_A_Switzerland_9715293_2013	KX416829_A_Washington_55_2016	2016.4.12	3.149	3	3	15	3.034	3	3	15
EPI614441_A_Switzerland_9715293_2013	KX417005_A_Texas_136_2016	2016.4.22	2.155	2	2	14	2.175	2	2	16
EPI614441_A_Switzerland_9715293_2013	KX916993_A_California_12_2016	2016.1.12	2.305	2	2	14	4.053	4	4	16
EPI614441_A_Switzerland_9715293_2013	KX918281_A_Kentucky_26_2016	2016.4.25	5.163	5	5	17	5.051	5	5	20
EPI614441_A_Switzerland_9715293_2013	KY115915_A_Nebraska_24_2016	2016.9.19	2.31	2	2	14	8.053	8	8	20
EPI614441_A_Switzerland_9715293_2013	KY487603_A_Taipei_0020_2016	2016.1.5	6.319	6	6	18	7.075	7	7	19
EPI614441_A_Switzerland_9715293_2013	KY487612_A_Linkou_0081_2016	2016.1.26	1.305	1	1	13	5.053	5	5	17
EPI614441_A_Switzerland_9715293_2013	KY509826_A_Chungbuk_107_2016	2016.1.18	2.122	2	2	6	3.029	3	3	8
EPI614441_A_Switzerland_9715293_2013	KY509827_A_Gyeonggi_458_2016	2016.2.22	7.161	7	7	18	6.107	6	6	15
EPI614441_A_Switzerland_9715293_2013	KY615384_A_Keelung_0026_2016	2016.1.15	2.292	2	2	13	5.061	5	5	14
EPI614441_A_Switzerland_9715293_2013	KY615571_A_Taipei_0011_2015	2015.12.24	3.314	3	3	15	6.05	6	5	18
EPI614441_A_Switzerland_9715293_2013	MG984174_A_Shanghai_1_2016	2016.9.14	4.31	4	4	16	9.055	9	9	21
EPI614441_A_Switzerland_9715293_2013	MK640903_A_China_70219_2015	2015.12.25	1.308	1	1	13	5.049	5	5	17
EPI614441_A_Switzerland_9715293_2013	MK640906_A_China_71516_2016	2016.1.25	3.31	3	3	15	5.053	5	5	17
EPI686117_A_Hong_Kong_15611_2015	1444950_A_Chepstow_1180_2019	2019.3.25	3.574	3	3	7	8.026	8	8	16
EPI686117_A_Hong_Kong_15611_2015	1448200_A_Louisiana_34_2019	2019.4.24	7.066	7	7	19	5.857	5	5	23
EPI686117_A_Hong_Kong_15611_2015	1479371_A_Hawaii_31_2019	2019.4.17	6.04	6	6	18	5.816	5	5	23
EPI686117_A_Hong_Kong_15611_2015	1548016_A_Cheboksary_153_2019	2019.3.18	2.577	2	2	6	7.033	7	7	15
EPI686117_A_Hong_Kong_15611_2015	1548064_A_Tomsk_155_2019	2019.3.11	0.57	0	0	4	2.018	2	2	10
EPI686117_A_Hong_Kong_15611_2015	1548211_A_Mexico_1952_2019	2019.5.7	6.064	6	6	18	6.852	6	6	24
EPI686117_A_Hong_Kong_15611_2015	1592032_A_Hong_Kong_2671_2019	2019.6.11	4.581	4	4	15	5.031	5	5	18
EPI686117_A_Hong_Kong_15611_2015	1597372_A_Louisiana_39_2019	2019.8.25	2.572	2	2	6	4.035	4	4	12
EPI686117_A_Hong_Kong_15611_2015	1609436_A_El_Salvador_517_2019	2019.7.30	6.063	6	6	18	6.862	6	6	24
EPI686117_A_Hong_Kong_15611_2015	1609444_A_Hawaii_64_2019	2019.9.15	3.582	3	3	14	7.035	7	7	20
EPI686117_A_Hong_Kong_15611_2015	1808226_A_Jiangxi_Zhanggong_1512_2019	2019.6.11	3.585	3	3	14	9.057	9	9	22
EPI686117_A_Hong_Kong_15611_2015	CY210604_A_Idaho_41_2016	2016.11.22	0.546	0	0	15	1.029	1	1	18
EPI686117_A_Hong_Kong_15611_2015	CY211583_A_California_129_2016	2016.10.5	0.556	0	0	3	2.004	2	2	4
EPI686117_A_Hong_Kong_15611_2015	CY212631_A_Nevada_55_2016	2016.12.8	1.628	1	1	5	3.014	3	3	11
EPI686117_A_Hong_Kong_15611_2015	CY212887_A_California_184_2016	2016.12.13	0.548	0	0	15	2.017	2	2	19
EPI686117_A_Hong_Kong_15611_2015	CY212895_A_California_187_2016	2016.12.14	7.335	7	7	19	8.076	8	8	20
EPI686117_A_Hong_Kong_15611_2015	CY213847_A_Minnesota_76_2016	2016.10.25	3.011	3	3	10	4.293	4	4	17
EPI686117_A_Hong_Kong_15611_2015	CY214207_A_Hawaii_103_2016	2016.12.7	3.04	3	3	15	6.356	6	6	26
EPI686117_A_Hong_Kong_15611_2015	CY214479_A_Maryland_31_2016	2016.12.19	1.563	1	1	12	4.018	4	4	17
EPI686117_A_Hong_Kong_15611_2015	CY214567_A_West_Virginia_01_2017	2017.1.3	0.554	0	0	2	0.028	0	0	2
EPI686117_A_Hong_Kong_15611_2015	CY214879_A_California_214_2016	2016.12.31	0.573	0	0	16	3.049	3	3	23
EPI686117_A_Hong_Kong_15611_2015	CY218123_A_Wisconsin_08_2017	2017.1.13	1.548	1	1	5	0.034	0	0	8
EPI686117_A_Hong_Kong_15611_2015	CY220132_A_Texas_32_2017	2017.1.31	0.624	0	0	2	3.012	3	3	5
EPI686117_A_Hong_Kong_15611_2015	CY220180_A_New_Jersey_07_2017	2017.1.30	1.576	1	1	12	6.022	6	5	19
EPI686117_A_Hong_Kong_15611_2015	CY220548_A_Alabama_06_2017	2017.2.7	1.628	1	1	5	3.02	3	3	11
EPI686117_A_Hong_Kong_15611_2015	CY221923_A_Texas_47_2017	2017.2.13	2.557	2	2	6	6.009	6	5	8
EPI686117_A_Hong_Kong_15611_2015	CY223218_A_New_Mexico_11_2017	2017.2.28	1.637	1	1	12	4.019	4	4	17
EPI686117_A_Hong_Kong_15611_2015	CY223691_A_Maryland_10_2017	2017.1.31	1.63	1	1	17	1.11	1	0	21
EPI686117_A_Hong_Kong_15611_2015	CY223707_A_Ohio_05_2017	2017.2.7	4.039	4	4	16	1.098	1	0	20
EPI686117_A_Hong_Kong_15611_2015	CY223731_A_Florida_10_2017	2017.2.8	3.002	3	3	5	2.291	2	2	6
EPI686117_A_Hong_Kong_15611_2015	CY223739_A_Florida_11_2017	2017.2.13	4.03	4	4	16	3.452	3	3	21
EPI686117_A_Hong_Kong_15611_2015	CY224883_A_Arizona_06_2017	2017.1.31	0.535	0	0	11	1.021	1	1	14
EPI686117_A_Hong_Kong_15611_2015	CY225075_A_Georgia_06_2017	2017.2.15	5.032	5	5	17	4.336	4	4	24
EPI686117_A_Hong_Kong_15611_2015	CY227443_A_Vermont_08_2017	2017.3.2	2.546	2	2	16	3.03	3	3	15
EPI686117_A_Hong_Kong_15611_2015	CY227899_A_Delaware_19_2017	2017.3.21	4.025	4	4	16	2.793	2	2	20
EPI686117_A_Hong_Kong_15611_2015	CY228314_A_South_Dakota_11_2017	2017.2.13	4.029	4	4	16	3.067	3	2	22
EPI686117_A_Hong_Kong_15611_2015	CY228698_A_Wisconsin_39_2017	2017.3.19	3.037	3	3	15	2.344	2	2	22
EPI686117_A_Hong_Kong_15611_2015	CY228730_A_Arkansas_18_2017	2017.3.19	2.557	2	2	6	3.01	3	3	5
EPI686117_A_Hong_Kong_15611_2015	CY230042_A_Michigan_30_2017	2017.2.27	2.051	2	2	9	3.306	3	3	16
EPI686117_A_Hong_Kong_15611_2015	CY230282_A_Tennessee_21_2017	2017.2.20	3.009	3	3	10	2.301	2	2	15
EPI686117_A_Hong_Kong_15611_2015	CY230438_A_Delaware_19_2017	2017.3.21	4.019	4	4	11	2.78	2	2	15
EPI686117_A_Hong_Kong_15611_2015	CY230551_A_West_Virginia_09_2017	2017.2.13	0.635	0	0	11	4.023	4	4	17
EPI686117_A_Hong_Kong_15611_2015	CY230855_A_Oregon_14_2017	2017.2.28	2.628	2	2	4	3.014	3	3	5
EPI686117_A_Hong_Kong_15611_2015	CY232473_A_Florida_34_2017	2017.4.9	1.561	1	1	12	1.022	1	0	14
EPI686117_A_Hong_Kong_15611_2015	CY232567_A_North_Carolina_27_2017	2017.4.5	5.069	5	5	17	3.868	3	3	21
EPI686117_A_Hong_Kong_15611_2015	CY235613_A_Washington_40_2017	2017.4.17	3.038	3	3	15	3.349	3	3	23
EPI686117_A_Hong_Kong_15611_2015	CY235685_A_Nevada_12_2017	2017.4.25	1.559	1	1	17	1.053	1	1	21
EPI686117_A_Hong_Kong_15611_2015	CY242099_A_Florida_29_2017	2017.1.7	0.659	0	0	16	3.06	3	3	23
EPI686117_A_Hong_Kong_15611_2015	CY242347_A_Florida_50_2017	2017.7.26	3.628	3	3	6	4.043	4	4	8
EPI686117_A_Hong_Kong_15611_2015	CY243548_A_Alaska_30_2017	2017.6.18	0.541	0	0	15	1.025	1	1	18
EPI686117_A_Hong_Kong_15611_2015	CY243675_A_Alaska_46_2017	2017.7.31	1.53	1	1	5	1.016	1	1	9
EPI686117_A_Hong_Kong_15611_2015	CY244478_A_California_60_2017	2017.7.1	5.006	5	5	7	2.296	2	2	10
EPI686117_A_Hong_Kong_15611_2015	CY245203_A_Arizona_50_2017	2017.8.22	0.53	0	0	4	1.018	1	1	9
EPI686117_A_Hong_Kong_15611_2015	CY245459_A_Hawaii_45_2017	2017.8.22	1.539	1	1	16	2.025	2	2	19
EPI686117_A_Hong_Kong_15611_2015	CY250520_A_Arkansas_24_2017	2017.10.12	0.537	0	0	11	1.021	1	1	14
EPI686117_A_Hong_Kong_15611_2015	CY257914_A_Florida_73_2017	2017.10.15	0.524	0	0	2	2.008	2	2	4
EPI686117_A_Hong_Kong_15611_2015	CY257994_A_Massachusetts_16_2017	2017.10.12	1.525	1	1	3	3.018	3	3	5
EPI686117_A_Hong_Kong_15611_2015	CY258177_A_New_York_36_2017	2017.10.21	1.568	1	1	5	1.014	1	1	9
EPI686117_A_Hong_Kong_15611_2015	CY258305_A_Louisiana_57_2017	2017.10.28	0.53	0	0	4	1.016	1	1	9
EPI686117_A_Hong_Kong_15611_2015	CY260353_A_California_86_2017	2017.10.3	0.564	0	0	2	3.006	3	3	5
EPI686117_A_Hong_Kong_15611_2015	CY264374_A_New_Hampshire_27_2017	2017.11.21	0.532	0	0	4	1.02	1	1	9
EPI686117_A_Hong_Kong_15611_2015	CY264986_A_Pennsylvania_274_2017	2017.12.15	0.535	0	0	11	1.023	1	1	14
EPI686117_A_Hong_Kong_15611_2015	CY266079_A_Florida_87_2017	2017.10.25	0.524	0	0	2	1.008	1	1	3
EPI686117_A_Hong_Kong_15611_2015	KY949675_A_Linkou_0175_2016	2016.12.12	5.042	5	5	17	1.163	1	0	20
EPI686117_A_Hong_Kong_15611_2015	KY949682_A_Linkou_0191_2016	2016.12.30	4.028	4	4	16	1.15	1	0	20
EPI686117_A_Hong_Kong_15611_2015	KY949699_A_Linkou_0187_2016	2016.12.27	0.633	0	0	11	2.019	2	2	15
EPI686117_A_Hong_Kong_15611_2015	KY949700_A_Keelung_0082_2016	2016.11.30	0.569	0	0	16	1.042	1	1	21
EPI686117_A_Hong_Kong_15611_2015	KY949766_A_Taipei_0088_2016	2016.12.6	0.548	0	0	3	1.014	1	1	3
EPI686117_A_Hong_Kong_15611_2015	KY949786_A_Keelung_0097_2016	2016.12.20	0.551	0	0	4	2.014	2	2	4
EPI686117_A_Hong_Kong_15611_2015	KY949826_A_Taipei_0092_2016	2016.12.19	0.548	0	0	3	1.016	1	1	3
EPI686117_A_Hong_Kong_15611_2015	KY949862_A_Keelung_0089_2016	2016.12.8	4.062	4	4	20	1.382	1	1	21
EPI686117_A_Hong_Kong_15611_2015	KY949934_A_Keelung_0099_2016	2016.12.21	0.559	0	0	11	1.029	1	1	14
EPI686117_A_Hong_Kong_15611_2015	KY949967_A_Linkou_0169_2016	2016.12.2	1.584	1	1	17	1.326	1	1	21
EPI686117_A_Hong_Kong_15611_2015	KY950051_A_Linkou_0186_2016	2016.12.26	3.038	3	3	15	2.346	2	2	22
EPI686117_A_Hong_Kong_15611_2015	KY950096_A_Linkou_0181_2016	2016.12.21	4.028	4	4	16	1.148	1	0	20
EPI686117_A_Hong_Kong_15611_2015	KY950133_A_Keelung_0095_2016	2016.12.14	0.58	0	0	16	1.055	1	1	21
EPI686117_A_Hong_Kong_15611_2015	KY950211_A_Linkou_0185_2016	2016.12.24	4.004	4	4	6	1.422	1	1	4
EPI686117_A_Hong_Kong_15611_2015	MF736980_A_Vologda_CRIE_172_2016	2016.12.17	4.061	4	4	16	1.507	1	1	19
EPI686117_A_Hong_Kong_15611_2015	MF736996_A_Karachay_Cherkess_CRIE_301_2017	2017.2.28	4.028	4	4	16	1.464	1	1	19
EPI686117_A_Hong_Kong_15611_2015	MF783012_A_Rochester_U029_2017	2017.1.20	3.009	3	3	10	2.301	2	2	15
EPI686117_A_Hong_Kong_15611_2015	MG198917_A_Guangdong_SKLRD01_2017	2017.7.15	1.577	1	1	12	3.019	3	2	16
EPI686117_A_Hong_Kong_15611_2015	MG856322_A_Karachay_Cherkess_CRIE_296_2016	2016.12.11	4.011	4	4	11	1.437	1	1	12
EPI686117_A_Hong_Kong_15611_2015	MG974447_A_Kansas_14_2017	2017.12.14	5.036	5	5	17	3.812	3	3	21
EPI686117_A_Hong_Kong_15611_2015	MG984182_A_Shanghai_10_2017	2017.1.10	1.575	1	1	12	3.021	3	3	16
EPI686117_A_Hong_Kong_15611_2015	MG984190_A_Shanghai_11_2017	2017.1.11	0.574	0	0	11	1.017	1	1	14
EPI686117_A_Hong_Kong_15611_2015	MG984198_A_Shanghai_12_2017	2017.1.13	0.576	0	0	11	1.017	1	1	14
EPI686117_A_Hong_Kong_15611_2015	MG984222_A_Shanghai_15_2017	2017.1.22	1.645	1	1	17	2.032	2	2	22
EPI686117_A_Hong_Kong_15611_2015	MG984230_A_Shanghai_16_2017	2017.1.25	1.659	1	1	17	5.058	5	5	25
EPI686117_A_Hong_Kong_15611_2015	MG984238_A_Shanghai_17_2017	2017.1.25	2.661	2	2	18	4.064	4	4	24
EPI686117_A_Hong_Kong_15611_2015	MG984246_A_Shanghai_18_2017	2017.1.26	2.642	2	2	18	4.036	4	4	24
EPI686117_A_Hong_Kong_15611_2015	MG984254_A_Shanghai_19_2017	2017.1.31	1.628	1	1	5	3.016	3	3	11
EPI686117_A_Hong_Kong_15611_2015	MG984270_A_Shanghai_20_2017	2017.2.3	2.661	2	2	18	4.064	4	4	24
EPI686117_A_Hong_Kong_15611_2015	MG984278_A_Shanghai_21_2017	2017.2.6	2.637	2	2	13	4.031	4	4	17
EPI686117_A_Hong_Kong_15611_2015	MG984286_A_Shanghai_29_2017	2017.5.16	2.661	2	2	18	4.064	4	4	24
EPI686117_A_Hong_Kong_15611_2015	MG984302_A_Shanghai_30_2017	2017.6.23	4.663	4	4	20	3.054	3	3	23
EPI686117_A_Hong_Kong_15611_2015	MG984310_A_Shanghai_31_2017	2017.6.23	2.63	2	2	6	4.024	4	4	12
EPI686117_A_Hong_Kong_15611_2015	MG984318_A_Shanghai_32_2017	2017.7.19	2.661	2	2	18	4.064	4	4	24
EPI686117_A_Hong_Kong_15611_2015	MG984326_A_Shanghai_33_2017	2017.7.25	2.624	2	2	6	2.005	2	2	4
EPI686117_A_Hong_Kong_15611_2015	MG984342_A_Shanghai_35_2017	2017.7.31	2.661	2	2	18	4.064	4	4	24
EPI686117_A_Hong_Kong_15611_2015	MG984350_A_Shanghai_36_2017	2017.8.9	1.637	1	1	12	2.017	2	2	15
EPI686117_A_Hong_Kong_15611_2015	MG984358_A_Shanghai_37_2017	2017.8.9	1.575	1	1	16	1.025	1	1	18
EPI686117_A_Hong_Kong_15611_2015	MG984366_A_Shanghai_38_2017	2017.8.11	1.564	1	1	3	1.004	1	1	3
EPI686117_A_Hong_Kong_15611_2015	MG984390_A_Shanghai_40_2017	2017.8.19	1.573	1	1	12	3.019	3	3	16
EPI686117_A_Hong_Kong_15611_2015	MG984398_A_Shanghai_41_2017	2017.8.19	0.572	0	0	11	1.017	1	1	14
EPI686117_A_Hong_Kong_15611_2015	MG984414_A_Shanghai_43_2017	2017.8.21	0.58	0	0	15	1.021	1	1	18
EPI686117_A_Hong_Kong_15611_2015	MG984430_A_Shanghai_45_2017	2017.8.23	3.575	3	3	14	3.023	3	3	16
EPI686117_A_Hong_Kong_15611_2015	MG984438_A_Shanghai_46_2017	2017.8.29	0.581	0	0	16	1.032	1	1	21
EPI686117_A_Hong_Kong_15611_2015	MG984446_A_Shanghai_47_2017	2017.8.29	0.593	0	0	16	1.045	1	1	21
EPI686117_A_Hong_Kong_15611_2015	MG984462_A_Shanghai_49_2017	2017.9.5	2.574	2	2	13	4.019	4	4	17
EPI686117_A_Hong_Kong_15611_2015	MG984478_A_Shanghai_50_2017	2017.9.6	0.566	0	0	2	1.004	1	1	3
EPI686117_A_Hong_Kong_15611_2015	MG984486_A_Shanghai_51_2017	2017.9.8	0.576	0	0	11	1.017	1	1	14
EPI686117_A_Hong_Kong_15611_2015	MG984502_A_Shanghai_53_2017	2017.9.13	1.575	1	1	12	3.019	3	3	16
EPI686117_A_Hong_Kong_15611_2015	MG984518_A_Shanghai_7_2016	2016.12.30	1.637	1	1	12	2.017	2	2	15
EPI686117_A_Hong_Kong_15611_2015	MH637447_A_Linkou_0335_2017	2017.7.18	0.581	0	0	16	1.032	1	1	21
EPI686117_A_Hong_Kong_15611_2015	MH637456_A_Linkou_0266_2017	2017.3.16	0.588	0	0	16	1.037	1	1	21
EPI686117_A_Hong_Kong_15611_2015	MH637483_A_Baltimore_P0247_2018	2018.1.14	0.535	0	0	11	1.023	1	1	14
EPI686117_A_Hong_Kong_15611_2015	MH637488_A_Baltimore_P0279_2018	2018.2.2	5.06	5	5	17	3.852	3	3	21
EPI686117_A_Hong_Kong_15611_2015	MH637511_A_Baltimore_P0243_2018	2018.1.11	5.045	5	5	17	4.837	4	4	22
EPI686117_A_Hong_Kong_15611_2015	MH637528_A_Baltimore_P0241_2018	2018.1.10	6.068	6	6	18	3.861	3	3	21
EPI686117_A_Hong_Kong_15611_2015	MH637557_A_Keelung_0113_2017	2017.1.16	0.563	0	0	16	0.072	0	0	20
EPI686117_A_Hong_Kong_15611_2015	MH637565_A_Baltimore_P0255_2018	2018.1.20	0.535	0	0	11	3.026	3	3	16
EPI686117_A_Hong_Kong_15611_2015	MH637576_A_Linkou_0302_2017	2017.6.20	6.017	6	6	13	2.453	2	2	15
EPI686117_A_Hong_Kong_15611_2015	MH637596_A_Baltimore_P0304_2018	2018.2.13	2.532	2	2	6	1.021	1	1	9
EPI686117_A_Hong_Kong_15611_2015	MH637603_A_Baltimore_P0238_2018	2018.1.8	0.535	0	0	11	1.025	1	1	14
EPI686117_A_Hong_Kong_15611_2015	MH637648_A_Taipei_0122_2017	2017.2.2	0.653	0	0	16	6.041	6	6	26
EPI686117_A_Hong_Kong_15611_2015	MH637673_A_Baltimore_P0237_2018	2018.1.7	2.537	2	2	13	3.033	3	3	16
EPI686117_A_Hong_Kong_15611_2015	MH637679_A_Taipei_0123_2017	2017.2.3	5.017	5	5	12	2.049	2	1	16
EPI686117_A_Hong_Kong_15611_2015	MH637687_A_Baltimore_P0286_2018	2018.2.5	0.535	0	0	11	1.025	1	1	14
EPI686117_A_Hong_Kong_15611_2015	MH637707_A_Keelung_0161_2017	2017.4.7	0.563	0	0	2	1.004	1	1	3
EPI686117_A_Hong_Kong_15611_2015	MH637726_A_Baltimore_P0239_2018	2018.1.8	0.535	0	0	11	1.025	1	1	14
EPI686117_A_Hong_Kong_15611_2015	MH637730_A_Baltimore_P0283_2018	2018.2.4	5.064	5	5	17	3.859	3	3	21
EPI686117_A_Hong_Kong_15611_2015	MH637747_A_Baltimore_P0232_2018	2018.1.2	0.565	0	0	16	1.065	1	1	21
EPI686117_A_Hong_Kong_15611_2015	MH637752_A_Linkou_0206_2017	2017.1.17	1.567	1	1	16	3.025	3	3	20
EPI686117_A_Hong_Kong_15611_2015	MH637768_A_Baltimore_P0242_2018	2018.1.11	2.526	2	2	4	3.02	3	3	5
EPI686117_A_Hong_Kong_15611_2015	MH637783_A_Baltimore_P0244_2018	2018.1.11	0.539	0	0	15	3.03	3	3	20
EPI686117_A_Hong_Kong_15611_2015	MH637808_A_Baltimore_P0298_2018	2018.2.10	0.53	0	0	4	1.02	1	1	9
EPI686117_A_Hong_Kong_15611_2015	MH701747_A_New_Jersey_93924_2018	2018.2.20	0.524	0	0	2	4.022	4	4	6
EPI686117_A_Hong_Kong_15611_2015	MH701755_A_New_Jersey_93934_2018	2018.2.21	0.524	0	0	2	4.022	4	4	6
EPI686117_A_Hong_Kong_15611_2015	MK159064_A_Jeonbuk_736_2017	2017.7.17	0.626	0	0	3	3.006	3	3	5
EPI686117_A_Hong_Kong_15611_2015	MK159072_A_Gyeongbuk_745_2017	2017.9.4	2.663	2	2	18	3.068	3	3	23
EPI686117_A_Hong_Kong_15611_2015	MK640910_A_China_80241_2016	2016.12.6	2.038	2	2	14	3.334	3	3	23
EPI686117_A_Hong_Kong_15611_2015	MK640913_A_China_81105_2017	2017.1.4	0.624	0	0	4	3.004	3	3	5
EPI686117_A_Hong_Kong_15611_2015	MK640914_A_China_81129_2017	2017.1.5	0.643	0	0	16	2.046	2	2	22
EPI686117_A_Hong_Kong_15611_2015	MK640915_A_China_81891_2017	2017.2.1	2.006	2	2	6	1.286	1	1	9
EPI686117_A_Hong_Kong_15611_2015	MN154312_A_Washington_9752_2019	2019.3.15	6.031	6	6	18	5.795	5	5	23
EPI686117_A_Hong_Kong_15611_2015	MN170167_A_Washington_9147_2019	2019.3.10	6.063	6	6	18	5.849	5	5	23
EPI686117_A_Hong_Kong_15611_2015	MN170183_A_Washington_9149_2019	2019.3.11	6.063	6	6	18	5.852	5	5	23
EPI686117_A_Hong_Kong_15611_2015	MN170191_A_Washington_9150_2019	2019.3.11	6.063	6	6	18	5.852	5	5	23
EPI686117_A_Hong_Kong_15611_2015	MN170207_A_Washington_9153_2019	2019.3.14	6.042	6	6	18	5.812	5	5	23
EPI686117_A_Hong_Kong_15611_2015	MN170223_A_Washington_9155_2019	2019.3.14	6.07	6	6	18	5.857	5	5	23
EPI686117_A_Hong_Kong_15611_2015	MN304051_A_Basel_USB003343_1_2016	2016.12.27	0.538	0	0	5	1.034	1	1	9
EPI686117_A_Hong_Kong_15611_2015	MN304056_A_Basel_USB003348_1_2016	2016.12.30	2.554	2	2	5	3.004	3	3	5
EPI686117_A_Hong_Kong_15611_2015	MN304081_A_Basel_USB003378_1_2017	2017.1.13	2.558	2	2	13	0.023	0	0	13
EPI686117_A_Hong_Kong_15611_2015	MN304116_A_Basel_USB003451_1_2017	2017.2.2	2.524	2	2	4	2.014	2	2	4
EPI686117_A_Hong_Kong_15611_2015	MN304117_A_Basel_USB003452_1_2017	2017.2.2	0.643	0	0	16	2.044	2	2	22
EPI686117_A_Hong_Kong_15611_2015	MN304125_A_Basel_USB003503_1_2017	2017.2.5	2.543	2	2	18	1.028	1	1	21
EPI686117_A_Hong_Kong_15611_2015	MN304128_A_Basel_USB003507_1_2017	2017.2.6	3.002	3	3	5	2.296	2	2	10
EPI686117_A_Hong_Kong_15611_2015	MN304158_A_Basel_USB001568_1_2017	2017.1.2	4.053	4	4	16	2.501	2	2	20
EPI686117_A_Hong_Kong_15611_2015	MN304160_A_Basel_USB002230_1_2017	2017.1.2	0.551	0	0	4	1.044	1	1	9
EPI686117_A_Hong_Kong_15611_2015	MN304174_A_Basel_USB001581_1_2017	2017.1.3	1.667	1	1	17	2.071	2	2	22
EPI686117_A_Hong_Kong_15611_2015	MN304184_A_Basel_USB001592_1_2017	2017.1.4	4.028	4	4	16	2.45	2	2	20
EPI686117_A_Hong_Kong_15611_2015	MN304199_A_Basel_USB001639_1_2017	2017.1.4	1.564	1	1	16	5.081	5	5	22
EPI686117_A_Hong_Kong_15611_2015	MN304202_A_Basel_USB002304_1_2017	2017.1.4	4.063	4	4	16	2.51	2	2	20
EPI686117_A_Hong_Kong_15611_2015	MN304206_A_Basel_USB001584_1_2017	2017.1.4	0.536	0	0	5	3.014	3	3	11
EPI686117_A_Hong_Kong_15611_2015	MN304230_A_Basel_USB002323_1_2017	2017.1.6	0.555	0	0	16	2.036	2	2	22
EPI686117_A_Hong_Kong_15611_2015	MN304260_A_Basel_USB002443_1_2017	2017.1.7	1.637	1	1	12	2.031	2	2	15
EPI686117_A_Hong_Kong_15611_2015	MN304284_A_Basel_USB002561_1_2017	2017.1.9	4.061	4	4	16	2.503	2	2	20
EPI686117_A_Hong_Kong_15611_2015	MN304303_A_Basel_USB002594_1_2017	2017.1.10	1.565	1	1	17	2.059	2	2	22
EPI686117_A_Hong_Kong_15611_2015	MN304347_A_Basel_USB002671_1_2017	2017.1.13	4.03	4	4	16	2.455	2	2	20
EPI686117_A_Hong_Kong_15611_2015	MN304376_A_Basel_USB002722_1_2017	2017.1.17	1.569	1	1	17	3.061	3	3	23
EPI686117_A_Hong_Kong_15611_2015	MN304409_A_Basel_USB002775_1_2017	2017.1.22	0.635	0	0	11	2.031	2	2	15
EPI686117_A_Hong_Kong_15611_2015	MN304423_A_Basel_USB002825_1_2017	2017.1.23	3.002	3	3	5	2.289	2	2	6
EPI686117_A_Hong_Kong_15611_2015	MN304459_A_Basel_USB002891_1_2017	2017.1.29	1.641	1	1	16	2.035	2	2	19
EPI686117_A_Hong_Kong_15611_2015	MN304483_A_Basel_USB002922_1_2017	2017.2.1	6.008	6	6	8	3.411	3	3	6
EPI686117_A_Hong_Kong_15611_2015	MN304521_A_Basel_USB002995_1_2017	2017.2.5	1.565	1	1	12	3.023	3	3	16
EPI686117_A_Hong_Kong_15611_2015	MN304543_A_Basel_USB003034_1_2017	2017.2.7	3.002	3	3	5	2.296	2	2	10
EPI686117_A_Hong_Kong_15611_2015	MN304587_A_Basel_USB003307_1_2017	2017.2.25	1.541	1	1	12	3.027	3	3	16
EPI686117_A_Hong_Kong_15611_2015	MN304604_A_Basel_USB002047_1_2016	2016.12.10	0.552	0	0	4	1.022	1	1	9
EPI686117_A_Hong_Kong_15611_2015	MN304638_A_Basel_USB002088_1_2016	2016.12.24	0.659	0	0	16	3.053	3	3	23
EPI686117_A_Hong_Kong_15611_2015	MN304643_A_Basel_USB002097_1_2016	2016.12.25	5.061	5	5	17	3.499	3	3	21
EPI686117_A_Hong_Kong_15611_2015	MN304651_A_Basel_USB002098_1_2016	2016.12.25	0.635	0	0	11	3.017	3	3	16
EPI686117_A_Hong_Kong_15611_2015	MN304652_A_Basel_USB001532_1_2016	2016.12.26	4.039	4	4	16	2.454	2	2	20
EPI686117_A_Hong_Kong_15611_2015	MN304663_A_Basel_USB001539_1_2016	2016.12.27	0.661	0	0	16	3.054	3	3	23
EPI686117_A_Hong_Kong_15611_2015	MN304664_A_Basel_USB001538_1_2016	2016.12.27	2.528	2	2	4	2	2	2	2
EPI686117_A_Hong_Kong_15611_2015	MN304667_A_Basel_USB001537_1_2016	2016.12.27	0.622	0	0	2	4.006	4	4	6
EPI686117_A_Hong_Kong_15611_2015	MN304668_A_Basel_USB002128_1_2016	2016.12.27	1.913	2	1	10	2.033	2	2	15
EPI686117_A_Hong_Kong_15611_2015	MN304672_A_Basel_USB002199_1_2016	2016.12.27	1.539	1	1	12	1.013	1	1	14
EPI686117_A_Hong_Kong_15611_2015	MN304679_A_Basel_USB002138_1_2016	2016.12.28	2.562	2	2	17	0.021	0	0	17
EPI686117_A_Hong_Kong_15611_2015	MN304682_A_Basel_USB001546_1_2016	2016.12.29	0.546	0	0	15	2.023	2	2	19
EPI686117_A_Hong_Kong_15611_2015	MN304687_A_Basel_USB002180_1_2016	2016.12.29	4.028	4	4	16	2.444	2	2	20
EPI686117_A_Hong_Kong_15611_2015	MN304690_A_Basel_USB002178_1_2016	2016.12.29	0.531	0	0	2	2.006	2	2	4
EPI686117_A_Hong_Kong_15611_2015	MN304704_A_Basel_USB001552_1_2016	2016.12.31	0.533	0	0	4	1.02	1	1	9
EPI686117_A_Hong_Kong_15611_2015	MN304711_A_Basel_USB001562_1_2016	2016.12.31	0.56	0	0	16	2.039	2	2	22
