vaccineStrain	compareStrain	tipDate	mean_N	median_N	min_N	max_N	mean_S	median_S	min_S	max_S
MG974447_A_Kansas_14_2017	1618891_A_Pennsylvania_1020_2019	2019.10.12	4.024	4	4	14	20.25	20	20	100
MG974447_A_Kansas_14_2017	1640279_A_Cardiff_9474_2019	2019.12.9	0.032	0	0	10	29.571	29	29	110
MG974447_A_Kansas_14_2017	1641886_A_Idaho_40_2019	2019.11.16	2.04	2	2	12	25.302	25	25	106
MG974447_A_Kansas_14_2017	1651646_A_Virginia_42_2019	2019.12.9	1.042	1	1	11	25.313	25	25	107
MG974447_A_Kansas_14_2017	1661929_A_Mexico_2943_2019	2019.10.31	2.019	2	2	12	8.216	8	8	110
MG974447_A_Kansas_14_2017	1662160_A_Abudhabi_106_2019	2019.11.26	1.042	1	1	11	25.317	25	25	105
MG974447_A_Kansas_14_2017	1675773_A_Rheinland_Pfalz_5_2020	2020.1.7	0.014	0	0	10	30.532	30	30	113
MG974447_A_Kansas_14_2017	1683447_A_Wisconsin_03_2020	2020.1.9	1.02	1	1	11	25.215	25	25	105
MG974447_A_Kansas_14_2017	1692312_A_Louisiana_66_2019	2019.12.28	1.04	1	1	11	24.301	24	24	104
MG974447_A_Kansas_14_2017	1713851_A_Pennsylvania_15_2020	2020.2.20	4.032	4	4	14	26.306	26	26	106
MG974447_A_Kansas_14_2017	1738893_A_Minnesota_23_2020	2020.3.20	1.04	1	1	11	23.925	23	23	103
MG974447_A_Kansas_14_2017	1738933_A_Idaho_52_2019	2019.12.25	2.044	2	2	12	26.537	26	26	107
MG974447_A_Kansas_14_2017	1740471_A_Minnesota_12_2020	2020.2.12	2.018	2	2	12	23.214	23	23	103
MG974447_A_Kansas_14_2017	1748112_A_Alberta_RV5268_2020	2020.3.4	2.024	2	2	12	24.24	24	24	104
MG974447_A_Kansas_14_2017	1799200_A_Haiti_394_2019	2019.12.16	1.042	1	1	11	23.314	23	23	104
MG974447_A_Kansas_14_2017	1807805_A_Guangxi_Hengxian_3105_2019	2019.11.14	2.026	2	2	12	22.25	22	22	102
MG974447_A_Kansas_14_2017	1807829_A_Zhejiang_Dinghai_1817_2019	2019.10.8	5.04	5	5	15	19.312	19	19	100
MG974447_A_Kansas_14_2017	1839735_A_Laos_1752_2020	2020.9.26	2.026	2	2	12	30.264	30	30	110
MG974447_A_Kansas_14_2017	1841191_A_Yunnan_Wenshan_1592_2020	2020.7.21	2.042	2	2	12	22.995	23	21	101
MG974447_A_Kansas_14_2017	1841681_A_Cambodia_e0826360_2020	2020.7.16	2.026	2	2	12	30.262	30	30	110
MG974447_A_Kansas_14_2017	1847821_A_Kitakyusyu_1_2020	2020.8.1	1.026	1	1	11	26.253	26	26	106
MG974447_A_Kansas_14_2017	1847845_A_Saitama_92_2020	2020.4.3	2.04	2	2	12	28.304	28	27	108
MG974447_A_Kansas_14_2017	2761581_A_Hessen_26_2020	2020.1.27	2.04	2	2	12	22.317	22	22	102
MG974447_A_Kansas_14_2017	2761606_A_Schleswig_Holstein_9_2020	2020.2.10	1.02	1	1	11	29.518	29	29	74
1592032_A_Hong_Kong_2671_2019	1838078_A_California_55_2020	2020.10.12	3.028	3	3	15	20.197	20	20	109
1592032_A_Hong_Kong_2671_2019	1847925_A_Vietnam_Vnhcm_Gs483_2020	2020.10.9	4.038	4	4	16	21.209	21	21	79
1592032_A_Hong_Kong_2671_2019	1849665_A_AbuDhabi_01_2021	2021.1.1	2.026	2	2	14	19.236	19	19	108
1592032_A_Hong_Kong_2671_2019	1852226_A_Bangkok_62_2020	2020.11.11	2.036	2	2	14	20.209	20	20	78
1592032_A_Hong_Kong_2671_2019	1858651_A_Pennsylvania_01_2021	2021.3.19	3.034	3	3	15	18.239	18	18	76
1592032_A_Hong_Kong_2671_2019	1861076_A_Laos_580_2021	2021.2.21	2.028	2	2	14	20.236	20	20	109
1592032_A_Hong_Kong_2671_2019	1869531_A_Delaware_01_2021	2021.4.16	3.016	3	3	11	21.164	21	21	59
1592032_A_Hong_Kong_2671_2019	1885447_A_Abu_Dhabi_2210622842_2021	2021.3.3	2.032	2	2	14	21.274	21	21	114
1592032_A_Hong_Kong_2671_2019	1905714_A_India_PUN_NIV323256_2021	2021.6.21	3.014	3	3	11	18.13	18	18	56
1592032_A_Hong_Kong_2671_2019	1905786_A_India_PUN_NIV312063_2021	2021.5.9	4.034	4	4	16	17.237	17	17	75
1592032_A_Hong_Kong_2671_2019	1905802_A_Nepal_Npwr_05637_2021	2021.4.8	3.034	3	3	15	21.281	21	21	109
1592032_A_Hong_Kong_2671_2019	1916915_A_Oklahoma_01_2021	2021.7.6	2.038	2	2	14	17.229	17	17	76
1592032_A_Hong_Kong_2671_2019	1916923_A_Michigan_03_2021	2021.8.18	3.05	3	3	15	20.3	20	19	78
1592032_A_Hong_Kong_2671_2019	1919553_A_YANAO_08_01V_2021	2021.8.8	0	0	0	0	0	0	0	0
1592032_A_Hong_Kong_2671_2019	1921773_A_Thailand_12_2021	2021.6.24	2.014	2	2	10	21.104	21	21	59
1592032_A_Hong_Kong_2671_2019	1922800_A_Nepal_21FL2699_2021	2021.8.11	4.026	4	4	16	22.247	22	22	111
1592032_A_Hong_Kong_2671_2019	1924350_A_Philippines_6_2021	2021.7.5	3.038	3	3	13	23.241	23	23	70
1592032_A_Hong_Kong_2671_2019	1925236_A_Michigan_05_2021	2021.9.26	4.004	4	4	6	15.568	15	15	19
1592032_A_Hong_Kong_2671_2019	1926248_A_Saint_Petersburg_RII_2415S_2021	2021.1.2	7.02	7	7	15	28.169	28	27	66
1592032_A_Hong_Kong_2671_2019	1940321_A_New_York_03_2021	2021.9.16	3.012	3	3	11	23.196	23	23	61
1592032_A_Hong_Kong_2671_2019	1954438_A_Picardie_28479_2021	2021.9.17	4.012	4	4	12	24.122	24	24	62
1592032_A_Hong_Kong_2671_2019	1967900_A_Pakistan_ICT7_2021	2021.9.16	3.016	3	3	11	23.13	23	23	61
1592032_A_Hong_Kong_2671_2019	1969592_A_Bangladesh_9019_2021	2021.9.20	3.046	3	3	15	22.264	22	22	80
1592032_A_Hong_Kong_2671_2019	EPI2415906_A_Darwin_9_2021	2021.4.17	4.012	4	4	12	22.148	22	22	60
1841681_A_Cambodia_e0826360_2020	19194107_A_Thailand_8_2022	2022.7.11	3.021	3	3	5	21.476	22	19	28
1841681_A_Cambodia_e0826360_2020	1941020_A_Florida_04_2021	2021.10.28	3.001	3	3	4	16.418	17	14	23
1841681_A_Cambodia_e0826360_2020	1952515_A_Pennsylvania_06_2021	2021.11.21	4.045	4	4	16	18.714	19	16	99
1841681_A_Cambodia_e0826360_2020	1958506_A_Khakassia_155_06V_2021	2021.11.30	3.002	3	3	4	15.436	16	13	33
1841681_A_Cambodia_e0826360_2020	1960344_A_Montana_10_2021	2021.11.29	4.045	4	4	16	18.718	19	16	99
1841681_A_Cambodia_e0826360_2020	1964326_A_California_46_2021	2021.12.19	4.045	4	4	16	18.714	19	16	99
1841681_A_Cambodia_e0826360_2020	1983154_A_Montana_02_2022	2022.1.6	3.045	3	3	15	16.718	17	14	97
1841681_A_Cambodia_e0826360_2020	1992288_A_Wyoming_09_2021	2021.12.2	4.002	4	4	5	16.427	17	14	34
1841681_A_Cambodia_e0826360_2020	2004157_A_North_Dakota_03_2022	2022.2.9	4.002	4	4	5	17.441	18	15	35
1841681_A_Cambodia_e0826360_2020	2007488_A_New_Mexico_07_2022	2022.2.14	4.002	4	4	5	17.441	18	15	35
1841681_A_Cambodia_e0826360_2020	2019560_A_Novosibirsk_RII_MH60652S_2022	2022.1.10	3.017	3	3	15	15.521	16	13	119
1841681_A_Cambodia_e0826360_2020	2042591_A_Picardie_21593_2022	2022.3.21	4.051	4	4	16	19.786	20	17	100
1841681_A_Cambodia_e0826360_2020	2042752_A_Lorraine_23758_2022	2022.3.26	4.047	4	4	16	16.775	17	14	121
1841681_A_Cambodia_e0826360_2020	2042994_A_Lorraine_28541_2022	2022.4.9	4.045	4	4	16	17.749	18	15	98
1841681_A_Cambodia_e0826360_2020	2043548_A_Berlin_23_2022	2022.3.17	4.007	4	4	6	20.445	21	18	27
1841681_A_Cambodia_e0826360_2020	2046104_A_Krasnodar_Krai_183_10V_2021	2021.12.17	3.01	3	3	5	14.449	15	12	32
1841681_A_Cambodia_e0826360_2020	2063583_A_Idaho_25_2022	2022.5.1	4.047	4	4	16	16.764	17	14	97
1841681_A_Cambodia_e0826360_2020	2077428_A_Berlin_61_2022	2022.4.25	5.044	5	5	17	26.776	26	25	90
1841681_A_Cambodia_e0826360_2020	2127871_A_Michigan_35_2022	2022.5.18	8.046	8	8	20	26.526	26	25	90
1841681_A_Cambodia_e0826360_2020	2136215_A_Abu_Dhabi_1812537_2022	2022.6.30	7.044	7	7	19	26.536	26	25	95
1841681_A_Cambodia_e0826360_2020	2176957_A_Florida_70_2022	2022.8.8	6.022	6	6	15	28.41	28	27	70
1841681_A_Cambodia_e0826360_2020	2194875_A_Maldives_875_2022	2022.9.9	3.032	3	3	15	26.914	27	23	85
1841681_A_Cambodia_e0826360_2020	2233523_A_Ayutthaya_NIC_P2289_2022	2022.7.18	4.049	4	4	16	19.751	20	17	100
1841681_A_Cambodia_e0826360_2020	2325220_A_Finland_298_2022	2022.9.4	3.046	3	3	15	28.883	29	26	91
1841681_A_Cambodia_e0826360_2020	2500106_A_ABUDHABI_UAE_1112067_2022	2022.4.25	3.03	3	3	15	25.822	26	23	88
1841681_A_Cambodia_e0826360_2020	2503987_A_British_Columbia_124_2022	2022.6.19	1.024	1	1	13	14.31	15	12	118
EPI2415906_A_Darwin_9_2021	19296516_A_Croatia_10136RV_2023	2023.12.4	9.026	9	9	18	34.473	34	33	76
EPI2415906_A_Darwin_9_2021	19377008_A_Arica_52920_2024	2024.7.1	8.045	8	8	20	36.574	36	35	126
EPI2415906_A_Darwin_9_2021	19355069_A_Chiang_Rai_1932_2024	2024.3.27	8.027	8	8	17	35.5	35	34	77
EPI2415906_A_Darwin_9_2021	19378437_A_Denmark_2208_2024	2024.6.29	9.029	9	9	18	36.538	36	35	78
EPI2415906_A_Darwin_9_2021	19522825_A_Denmark_2281_2024	2024.8.26	9.03	9	9	18	36.493	36	35	78
EPI2415906_A_Darwin_9_2021	19455563_A_England_2481021_2024	2024.6.4	9.051	9	9	21	37.624	37	35	99
EPI2415906_A_Darwin_9_2021	19539069_A_Ghana_1122_2024	2024.7.24	8.028	8	8	17	38.506	38	37	80
EPI2415906_A_Darwin_9_2021	19298604_A_Ghana_3370_2024	2024.6.6	8.045	8	8	20	36.586	36	35	98
EPI2415906_A_Darwin_9_2021	19377137_A_Guyana_10084_2024	2024.5.28	11.041	11	11	20	37.504	37	36	79
EPI2415906_A_Darwin_9_2021	19274403_A_Hungary_264_2024	2024.3.26	9.027	9	9	18	34.484	34	33	76
EPI2415906_A_Darwin_9_2021	19355364_A_Kenya_139_2024	2024.5.23	9.027	9	9	18	34.605	34	33	76
EPI2415906_A_Darwin_9_2021	19388144_A_Saudi_Arabia_PHL_FS8301_2024	2024.7.6	9.029	9	9	18	34.501	34	33	76
EPI2415906_A_Darwin_9_2021	19052814_A_Serbia_514284_2024	2024.3.8	9.048	9	9	21	37.622	37	36	99
EPI2415906_A_Darwin_9_2021	19539108_A_Wellington_85_2024	2024.8.14	9.027	9	9	18	32.479	32	31	74
EPI2415906_A_Darwin_9_2021	19208620_A_Wisconsin_80_2024	2024.5.25	8.037	8	8	20	33.571	33	32	121
EPI2415906_A_Darwin_9_2021	19642627_A_Jeju_4080_2024	2024.9.23	8.025	8	8	17	36.504	36	35	78
EPI2415906_A_Darwin_9_2021	19632815_A_Jeonbuk_3813_2024	2024.3.11	8.025	8	8	17	35.475	35	34	77
EPI2415906_A_Darwin_9_2021	19632822_A_Seoul_3837_2024	2024.3.18	11.029	11	11	20	38.509	38	37	80
EPI2415906_A_Darwin_9_2021	2206316_A_Rogerstone_2168_2022	2022.10.10	7.025	7	7	16	35.86	36	33	76
EPI2415906_A_Darwin_9_2021	2208308_A_Lourdes_53101_2022	2022.10.8	7.049	7	7	19	30.599	30	29	96
EPI2415906_A_Darwin_9_2021	2252381_A_Maine_07_2022	2022.10.27	8.049	8	8	20	31.603	31	30	97
EPI2415906_A_Darwin_9_2021	2253452_A_Kansas_25_2022	2022.10.19	7.027	7	7	16	31.828	32	29	74
EPI2415906_A_Darwin_9_2021	2254250_A_Centre_56613_2022	2022.11.23	8.041	8	8	20	32.557	32	31	95
EPI2415906_A_Darwin_9_2021	2257357_A_Austria_MUW1572306_2022	2022.11.30	12.023	12	12	21	30.483	30	29	72
EPI2415906_A_Darwin_9_2021	2283189_A_Denmark_3146_2022	2022.11.10	8.051	8	8	20	31.639	31	30	118
EPI2415906_A_Darwin_9_2021	2367511_A_Connecticut_04_2023	2023.1.4	8.033	8	8	20	32.566	32	31	120
EPI2415906_A_Darwin_9_2021	2385451_A_Oman_8557_2022	2022.12.4	5.059	5	5	18	12.438	12	10	103
EPI2415906_A_Darwin_9_2021	2424342_A_Baden_Wuerttemberg_144_2022	2022.12.1	8.049	8	8	20	29.606	29	28	96
EPI2415906_A_Darwin_9_2021	2424895_A_Sachsen_Anhalt_3_2023	2023.1.1	8.026	8	8	17	32.474	32	31	74
EPI2415906_A_Darwin_9_2021	2441868_A_Minnesota_08_2023	2023.1.11	8.051	8	8	20	32.624	32	31	98
EPI2415906_A_Darwin_9_2021	2467517_A_HaidianCDC_12962_2023	2023.3.2	5.856	6	5	19	18.082	18	16	126
EPI2415906_A_Darwin_9_2021	2498550_A_California_32_2023	2023.1.5	8.028	8	8	17	31.475	31	29	73
EPI2415906_A_Darwin_9_2021	2498622_A_Kansas_01_2023	2023.2.26	8.049	8	8	20	30.606	30	29	96
EPI2415906_A_Darwin_9_2021	2534759_A_Minnesota_18_2023	2023.2.22	8.037	8	8	20	33.568	33	32	119
EPI2415906_A_Darwin_9_2021	2539626_A_Nordrhein_Westfalen_128_2022	2022.12.20	2.892	3	2	20	10.274	10	9	125
EPI2415906_A_Darwin_9_2021	2571528_A_Bhutan_001_2022	2022.11.21	5.846	6	5	19	16.06	16	14	99
EPI2415906_A_Darwin_9_2021	2587133_A_Berlin_265_2022	2022.12.19	8.033	8	8	20	31.544	31	30	119
EPI2415906_A_Darwin_9_2021	2599401_A_Lebanon_2787_2023	2023.3.28	9.029	9	9	18	36.698	36	35	78
EPI2415906_A_Darwin_9_2021	2689682_A_Costa_Rica_8476_2023	2023.6.26	4.852	5	4	18	21.056	21	19	104
EPI2415906_A_Darwin_9_2021	2716167_A_Kentucky_06_2023	2023.7.18	8.021	8	8	17	35.497	35	34	77
EPI2415906_A_Darwin_9_2021	2716351_A_Guatemala_378_2023	2023.4.22	8.025	8	8	17	37.538	37	36	79
EPI2415906_A_Darwin_9_2021	2732731_A_Bangladesh_9003_2023	2023.5.8	8.035	8	8	20	34.739	34	33	124
EPI2415906_A_Darwin_9_2021	2736750_A_Finland_407_2023	2023.8.11	6.06	6	6	18	35.255	35	34	97
EPI2415906_A_Darwin_9_2021	2758811_A_Catalonia_NSVH102158148_2023	2023.9.6	9.025	9	9	18	35.481	35	34	77
EPI2415906_A_Darwin_9_2021	EPI2800450_A_Phra_Nakhon_Si_Ayutthaya_P4330_2023	2023.10.2	9.041	9	9	21	41.633	41	40	131
EPI2415906_A_Darwin_9_2021	EPI2817864_A_Nakhon_Phanom_P4970_2023	2023.11.3	8.025	8	8	16	32.469	32	31	69
EPI2415906_A_Darwin_9_2021	EPI2819091_A_Nebraska_13_2023	2023.11.15	8.025	8	8	17	35.399	35	32	77
EPI2415906_A_Darwin_9_2021	EPI2845383_A_Saint_Petersburg_RII_169_2023	2023.10.31	8.04	8	8	20	32.566	32	31	122
EPI2415906_A_Darwin_9_2021	EPI2901414_A_California_118_2023	2023.11.29	8.045	8	8	20	35.572	35	34	97
EPI2415906_A_Darwin_9_2021	EPI2926182_A_Hong_Kong_3084_2023	2023.12.1	8.055	8	8	20	33.656	33	32	120
EPI2415906_A_Darwin_9_2021	EPI2970652_A_Saratov_RII_3_2023	2023.12.22	8.047	8	8	20	35.583	35	34	97
EPI2415906_A_Darwin_9_2021	EPI3055327_A_New_Hampshire_02_2024	2024.1.4	10.023	10	10	19	34.487	34	33	76
EPI2415906_A_Darwin_9_2021	EPI3089330_A_Penarth_6936_2024	2024.1.22	8.049	8	8	20	33.597	33	32	95
EPI2415906_A_Darwin_9_2021	EPI3095110_A_Samara_22_2023	2023.12.22	8.027	8	8	17	34.482	34	33	76
EPI2415906_A_Darwin_9_2021	EPI3133740_A_Idaho_21_2024	2024.2.9	8.025	8	8	17	35.473	35	34	77
EPI2415906_A_Darwin_9_2021	EPI3134187_A_Florida_06_2024	2024.1.8	11.031	11	11	20	35.513	35	34	77
EPI2415906_A_Darwin_9_2021	EPI3186602_A_Nevada_104_2024	2024.3.1	9.025	9	9	18	34.484	34	33	76
EPI2415906_A_Darwin_9_2021	EPI3186714_A_Washington_22_2024	2024.2.4	12.027	12	12	21	37.503	37	36	79
19194107_A_Thailand_8_2022	19628172_A_Colorado_228_2024	2024.11.10	7.062	7	7	19	42.878	42	42	131
19194107_A_Thailand_8_2022	19826182_A_South_Africa_R01135_2025	2025.1.28	7.068	7	7	19	41.865	41	41	99
19194107_A_Thailand_8_2022	19822399_A_Incheon_694_2025	2025.2.18	9.054	9	9	21	45.85	45	45	131
19194107_A_Thailand_8_2022	19794607_A_Jeonnam_359_2025	2025.1.13	8.052	8	8	20	43.811	43	43	101
19194107_A_Thailand_8_2022	20080759_A_Vietnam_5034_2025	2025.2.15	8.048	8	8	20	42.813	42	42	100
19194107_A_Thailand_8_2022	19884376_A_Canarias_1589_2025	2025.1.1	7.064	7	7	19	50.918	50	49	107
19194107_A_Thailand_8_2022	19800540_A_Denmark_860_2025	2025.2.3	10.071	10	10	22	44.947	44	44	133
19194107_A_Thailand_8_2022	19682309_A_Netherlands_10048_2025	2025.1.2	7.038	7	7	15	44.775	44	44	82
19194107_A_Thailand_8_2022	19874950_A_Denmark_2460_2025	2025.3.24	8.062	8	8	20	45.873	45	45	105
19194107_A_Thailand_8_2022	20073250_A_Ontario_1098_2025	2025.4.1	7.056	7	7	19	43.849	43	43	101
19194107_A_Thailand_8_2022	19897514_A_South_Africa_PATH-CERI-C068465_2025	2025.5.3	12.252	12	12	25	52.836	52	50	143
19194107_A_Thailand_8_2022	20261922_A_South_Africa_8325_2025	2025.8.28	7.064	7	7	19	44.857	44	44	104
19296516_A_Croatia_10136RV_2023	20284405_A_Bahrain_1648_2025	2025.10.19	1.076	1	1	19	9.291	9	9	79
19296516_A_Croatia_10136RV_2023	20284485_A_Bahrain_2180_2025	2025.10.23	1.096	1	1	23	6.411	6	6	127
19296516_A_Croatia_10136RV_2023	20284519_A_Catalonia_NSVH102734071_2025	2025.11.28	1.014	1	1	11	7.072	7	7	37
19296516_A_Croatia_10136RV_2023	20269338_A_Denmark_3567_2025	2025.11.10	1.004	1	1	3	10.04	10	10	12
19296516_A_Croatia_10136RV_2023	20269279_A_Denmark_3542_2025	2025.11.7	1.006	1	1	3	7.052	7	7	17
19296516_A_Croatia_10136RV_2023	20221173_A_Cardiff_0040_2025	2025.10.2	2.058	2	2	24	7.283	7	7	123
19296516_A_Croatia_10136RV_2023	20275639_A_Colorado_ISC-1470_2025	2025.10.28	1.014	1	1	11	8.076	8	8	38
19296516_A_Croatia_10136RV_2023	20275637_A_Colorado_ISC-1507_2025	2025.11.14	1.014	1	1	11	9.078	9	9	41
19296516_A_Croatia_10136RV_2023	20275348_A_Florida_32_2025	2025.10.29	2.064	2	2	14	6.232	6	6	44
19296516_A_Croatia_10136RV_2023	20275683_A_New_York_NIRC-IS-1504_2025	2025.11.13	2.026	2	2	24	8.13	8	8	96
19296516_A_Croatia_10136RV_2023	20262326_A_Colorado_ISC-1494_2025	2025.11.11	2.064	2	2	24	6.286	6	6	98
19296516_A_Croatia_10136RV_2023	20261837_A_Alaska_82_2025	2025.10.20	2.064	2	2	14	8.246	8	8	48
19296516_A_Croatia_10136RV_2023	20278399_A_Catalonia_NSVH171794172_2025	2025.12.3	1.074	1	1	23	8.296	8	8	96
19296516_A_Croatia_10136RV_2023	20261953_A_Wisconsin_152_2025	2025.11.3	1.106	1	1	23	7.463	7	7	123
19296516_A_Croatia_10136RV_2023	20262725_A_Catalonia_NSVH161522720_2025	2025.11.19	1.106	1	1	23	6.459	6	6	122
19296516_A_Croatia_10136RV_2023	20261957_A_Minnesota_109_2025	2025.10.25	1.096	1	1	23	7.419	7	7	128
19296516_A_Croatia_10136RV_2023	20279652_A_Lisboa_706_2025	2025.11.2	1.064	1	1	13	9.232	9	9	49
19296516_A_Croatia_10136RV_2023	20280416_A_Severomorsk_RII-MH264749S_2025	2025.11.18	1.086	1	1	23	10.347	10	10	97
19296516_A_Croatia_10136RV_2023	20280435_A_Saint-Petersburg_RII-MH264958S_2025	2025.11.26	1.106	1	1	23	8.457	8	8	124
19296516_A_Croatia_10136RV_2023	20280566_A_Saint-Petersburg_RII-25-0699S_2025	2025.11.17	1.016	1	1	11	8.062	8	8	38
19296516_A_Croatia_10136RV_2023	20281628_A_Saskatchewan_SKFLU469190_2025	2025.11.20	2.064	2	2	14	6.229	6	6	44
EPI103320_A_Moscow_10_1999	CY000024_A_New_York_30_2003	2003.12.2	8.014	8	8	10	30.268	30	28	35
EPI103320_A_Moscow_10_1999	CY000040_A_New_York_33_2004	2004.1.9	6.018	6	6	8	29.345	29	29	34
EPI103320_A_Moscow_10_1999	CY000056_A_New_York_35_2003	2003.12.4	6.016	6	6	8	29.339	29	29	34
EPI103320_A_Moscow_10_1999	CY000104_A_New_York_54_2003	2003.12.10	6.016	6	6	8	29.341	29	29	34
EPI103320_A_Moscow_10_1999	CY000144_A_New_York_26_2003	2003.12.2	7.016	7	7	9	31.343	31	31	46
EPI103320_A_Moscow_10_1999	CY000216_A_New_York_91_2002	2002.1.17	6.01	6	6	8	19.279	19	19	24
EPI103320_A_Moscow_10_1999	CY000272_A_New_York_53_2003	2003.12.11	9.016	9	9	11	31.328	31	31	36
EPI103320_A_Moscow_10_1999	CY000352_A_New_York_15_2003	2003.11.12	9.014	9	9	11	32.33	32	32	37
EPI103320_A_Moscow_10_1999	CY000512_A_New_York_4_2003	2003.12.8	9.014	9	9	11	30.268	30	28	35
EPI103320_A_Moscow_10_1999	CY000552_A_New_York_115_2002	2002.2.7	6.01	6	6	8	19.275	19	19	24
EPI103320_A_Moscow_10_1999	CY000768_A_New_York_10_2004	2004.1.30	7.014	7	7	9	29.331	29	29	34
EPI103320_A_Moscow_10_1999	CY000872_A_New_York_193_2003	2003.2.19	4.078	4	4	8	26.32	26	26	34
EPI103320_A_Moscow_10_1999	CY000908_A_New_York_13_2003	2003.11.12	6.016	6	6	8	28.339	28	28	33
EPI103320_A_Moscow_10_1999	CY001036_A_New_York_6_2004	2004.1.6	7.014	7	7	9	28.331	28	28	33
EPI103320_A_Moscow_10_1999	CY001095_A_New_York_24_2003	2003.12.1	8.016	8	8	10	31.328	31	31	36
EPI103320_A_Moscow_10_1999	CY001196_A_New_York_18_2003	2003.12.1	6.018	6	6	8	32.339	32	32	37
EPI103320_A_Moscow_10_1999	CY001300_A_New_York_37_2003	2003.12.4	6.016	6	6	8	28.339	28	28	33
EPI103320_A_Moscow_10_1999	CY001559_A_New_York_215_2003	2003.4.22	8.012	8	8	10	24.521	24	24	31
EPI103320_A_Moscow_10_1999	CY002335_A_New_York_77_2001	2001.12.26	6.01	6	6	8	19.269	19	19	24
EPI103320_A_Moscow_10_1999	CY002351_A_New_York_272_2003	2003.11.28	6.016	6	6	8	28.339	28	28	33
EPI103320_A_Moscow_10_1999	CY003287_A_New_York_438_2000	2000.1.18	1.002	1	1	3	9.052	9	9	13
EPI103320_A_Moscow_10_1999	CY006386_A_New_York_467_2004	2004.9.17	3.022	3	3	5	24.399	24	24	28
EPI103320_A_Moscow_10_1999	CY009267_A_New_York_499_2004	2004.1.15	7.018	7	7	11	27.354	27	27	48
EPI103320_A_Moscow_10_1999	CY013812_A_New_York_C4_2002	2002.2.1	7.01	7	7	9	19.273	19	19	24
EPI103320_A_Moscow_10_1999	CY032968_A_Yucatan_844_2003	2003.3.19	2.042	2	2	6	14.136	14	14	18
EPI103320_A_Moscow_10_1999	CY038574_A_Hong_Kong_HKU2_2004	2004.2.13	8.022	8	8	12	32.364	32	32	38
EPI103320_A_Moscow_10_1999	CY038614_A_Hong_Kong_HKU19_2004	2004.6.1	6.045	6	6	10	16.25	16	16	22
EPI103320_A_Moscow_10_1999	CY038622_A_Hong_Kong_HKU20_2004	2004.6.15	5.051	5	5	9	16.268	16	16	22
EPI103320_A_Moscow_10_1999	CY038638_A_Hong_Kong_HKU29_2004	2004.7.21	5.051	5	5	9	17.264	17	17	23
EPI103320_A_Moscow_10_1999	CY038646_A_Hong_Kong_HKU31_2004	2004.7.30	6.045	6	6	10	17.236	17	17	21
EPI103320_A_Moscow_10_1999	CY038654_A_Hong_Kong_HKU34_2004	2004.8.18	5.043	5	5	7	18.232	18	18	22
EPI103320_A_Moscow_10_1999	CY038950_A_Hong_Kong_HKU4_2004	2004.3.1	4.055	4	4	8	25.276	25	23	29
EPI103320_A_Moscow_10_1999	CY038958_A_Hong_Kong_HKU6_2004	2004.3.6	1.026	1	1	3	22.407	22	22	28
EPI103320_A_Moscow_10_1999	CY038990_A_Hong_Kong_HKU14_2004	2004.4.16	1.028	1	1	3	20.409	20	20	26
EPI103320_A_Moscow_10_1999	CY038998_A_Hong_Kong_HKU15_2004	2004.4.23	1.028	1	1	3	25.432	25	25	31
EPI103320_A_Moscow_10_1999	CY039014_A_Hong_Kong_HKU21_2004	2004.6.19	5.043	5	5	7	15.242	15	15	19
EPI103320_A_Moscow_10_1999	CY039030_A_Hong_Kong_HKU25_2004	2004.7.7	5.043	5	5	7	17.232	17	17	21
EPI103320_A_Moscow_10_1999	CY039038_A_Hong_Kong_HKU30_2004	2004.7.22	5.043	5	5	7	16.248	16	16	20
EPI103320_A_Moscow_10_1999	CY039166_A_Hong_Kong_HKU5_2004	2004.3.4	6.024	6	6	8	35.367	35	34	41
EPI103320_A_Moscow_10_1999	CY039174_A_Hong_Kong_HKU24_2004	2004.7.5	2.03	2	2	4	24.426	24	24	30
EPI103320_A_Moscow_10_1999	CY039494_A_Hong_Kong_HKU1_2004	2004.2.10	1.028	1	1	3	20.411	20	20	26
EPI103320_A_Moscow_10_1999	CY039502_A_Hong_Kong_HKU32_2004	2004.8.2	5.045	5	5	9	17.236	17	17	21
EPI103320_A_Moscow_10_1999	CY040321_A_Hong_Kong_HKU38_2004	2004.9.23	5.049	5	5	9	15.258	15	15	21
EPI103320_A_Moscow_10_1999	CY043751_A_Hong_Kong_HKU28_2004	2004.7.17	5.043	5	5	7	17.244	17	17	21
EPI103320_A_Moscow_10_1999	CY088027_A_England_425_2003	2003.10.29	9.013	9	9	11	24.415	24	24	31
EPI103320_A_Moscow_10_1999	CY088035_A_England_438_2003	2003.11.12	7.014	7	7	9	30.272	30	28	35
EPI103320_A_Moscow_10_1999	CY088115_A_England_467_2003	2003.11.6	7.014	7	7	9	29.268	29	27	34
EPI103320_A_Moscow_10_1999	CY088131_A_Scotland_78_2003	2003.11.7	9.013	9	9	11	24.415	24	24	31
EPI103320_A_Moscow_10_1999	CY088139_A_Scotland_79_2003	2003.11.8	7.014	7	7	9	29.268	29	27	34
EPI103320_A_Moscow_10_1999	CY088187_A_England_944_2003	2003.11.17	9.013	9	9	11	24.415	24	24	31
EPI103320_A_Moscow_10_1999	CY088251_A_England_525_2003	2003.11.27	9.013	9	9	11	24.415	24	24	31
EPI103320_A_Moscow_10_1999	CY088267_A_England_585_2003	2003.11.25	7.014	7	7	9	32.27	32	30	37
EPI103320_A_Moscow_10_1999	CY088275_A_England_487_2003	2003.11.24	8.014	8	8	10	31.268	31	29	36
EPI103320_A_Moscow_10_1999	CY088291_A_England_491_2003	2003.11.24	7.026	7	7	9	30.266	30	28	35
EPI103320_A_Moscow_10_1999	CY088323_A_England_508_2003	2003.11.27	7.014	7	7	9	32.27	32	30	37
EPI103320_A_Moscow_10_1999	CY088339_A_England_957_2003	2003.11.28	8.048	8	8	10	31.479	31	30	37
EPI103320_A_Moscow_10_1999	CY088363_A_England_558_2003	2003.12.5	7.014	7	7	9	29.266	29	27	34
EPI103320_A_Moscow_10_1999	CY088379_A_England_532_2003	2003.11.27	7.014	7	7	9	30.268	30	28	35
EPI103320_A_Moscow_10_1999	CY088387_A_England_522_2003	2003.12.12	9.013	9	9	11	24.417	24	24	31
EPI103320_A_Moscow_10_1999	CY088403_A_England_547_2003	2003.12.18	7.028	7	7	9	30.266	30	28	35
EPI103320_A_Moscow_10_1999	CY090956_A_South_Carolina_NHRC0002_2003	2003.11.13	7.016	7	7	9	30.339	30	30	35
EPI103320_A_Moscow_10_1999	CY091124_A_Missouri_NHRC0002_2004	2004.1.9	9.016	9	9	11	33.336	33	33	38
EPI103320_A_Moscow_10_1999	CY091468_A_California_NHRC0006_2003	2003.12.10	6.018	6	6	8	28.339	28	28	33
EPI103320_A_Moscow_10_1999	CY092216_A_Georgia_NHRC0001_2003	2003.12.5	8.016	8	8	10	36.326	36	36	41
EPI103320_A_Moscow_10_1999	CY107095_A_England_470_2003	2003.11.5	9.013	9	9	11	24.413	24	24	31
EPI103320_A_Moscow_10_1999	CY107111_A_England_516_2003	2003.11.20	11.014	11	11	13	32.272	32	30	37
EPI103320_A_Moscow_10_1999	CY107151_A_England_493_2003	2003.11.23	8.014	8	8	10	32.266	32	30	37
EPI103320_A_Moscow_10_1999	CY107167_A_England_532_2003	2003.11.27	6.016	6	6	8	27.319	27	27	32
EPI103320_A_Moscow_10_1999	CY112948_A_Netherlands_1_2002	2002.1.7	7.016	7	7	9	20.302	20	20	24
EPI103320_A_Moscow_10_1999	CY114324_A_Netherlands_3_2000	2000.1.6	1.006	1	1	3	6.026	6	6	8
EPI103320_A_Moscow_10_1999	CY114340_A_Netherlands_126_2001	2001.3.21	3.047	3	3	5	13.206	13	13	19
EPI103320_A_Moscow_10_1999	EPI358781_A_Fujian_411_2002	2002.7.1	3.052	3	3	9	13.126	13	13	17
EPI103320_A_Moscow_10_1999	EPI367109_A_California_7_2004	2004.9.16	4.022	4	4	6	26.407	26	26	30
EPI103320_A_Moscow_10_1999	KJ855376_A_Mexico_DIF835_2003	2003.7.4	3.042	3	3	7	17.149	17	16	21
EPI103320_A_Moscow_10_1999	KJ855448_A_Mexico_DIF2662_2003	2003.12.15	8.016	8	8	10	32.322	32	32	37
EPI358781_A_Fujian_411_2002	CY002007_A_New_York_359_2005	2005.1.17	7.018	7	7	11	17.175	17	17	25
EPI358781_A_Fujian_411_2002	CY002015_A_New_York_361_2005	2005.2.2	5.018	5	5	9	19.159	19	19	25
EPI358781_A_Fujian_411_2002	CY002079_A_New_York_396_2005	2005.3.4	6.024	6	6	10	20.153	20	20	26
EPI358781_A_Fujian_411_2002	CY002199_A_New_York_366_2004	2004.12.20	7.018	7	7	11	19.153	19	19	25
EPI358781_A_Fujian_411_2002	CY002231_A_New_York_372_2004	2004.12.22	8.018	8	8	12	19.141	19	19	25
EPI358781_A_Fujian_411_2002	CY002255_A_New_York_381_2004	2004.12.28	5.018	5	5	9	19.143	19	19	25
EPI358781_A_Fujian_411_2002	CY002263_A_New_York_383_2004	2004.12.29	6.018	6	6	10	24.153	24	24	32
EPI358781_A_Fujian_411_2002	CY002447_A_New_York_365_2004	2004.12.16	6.024	6	6	10	24.17	24	23	30
EPI358781_A_Fujian_411_2002	CY002463_A_New_York_373_2005	2005.2.22	4.036	4	4	14	18.181	18	18	30
EPI358781_A_Fujian_411_2002	CY002599_A_New_York_377_2004	2004.12.20	5.018	5	5	9	19.143	19	19	25
EPI358781_A_Fujian_411_2002	CY002719_A_New_York_319_2004	2004.11.8	8.018	8	8	12	18.143	18	18	24
EPI358781_A_Fujian_411_2002	CY002791_A_New_York_232_2004	2004.12.9	5.018	5	5	9	20.143	20	20	26
EPI358781_A_Fujian_411_2002	CY003079_A_New_York_123_2004	2004.12.16	5.018	5	5	9	19.143	19	19	25
EPI358781_A_Fujian_411_2002	CY003647_A_New_York_463_2005	2005.2.9	7.022	7	7	11	20.167	20	20	26
EPI358781_A_Fujian_411_2002	CY003671_A_New_York_471_2004	2004.11.8	6.018	6	6	10	18.143	18	18	24
EPI358781_A_Fujian_411_2002	CY006091_A_New_York_465_2005	2005.3.8	5.02	5	5	9	20.151	20	20	26
EPI358781_A_Fujian_411_2002	CY019156_A_New_York_900_2004	2004.12.22	8.018	8	8	12	19.141	19	19	25
EPI358781_A_Fujian_411_2002	CY019164_A_New_York_900_2004	2004.12.22	8.018	8	8	12	19.141	19	19	25
EPI358781_A_Fujian_411_2002	CY019180_A_New_York_905_2004	2004.12.27	5.018	5	5	9	19.143	19	19	25
EPI358781_A_Fujian_411_2002	CY019260_A_New_York_908_2004	2004.12.27	5.018	5	5	9	19.143	19	19	25
EPI358781_A_Fujian_411_2002	CY019300_A_New_York_913_2005	2005.1.10	7.018	7	7	11	20.151	20	20	26
EPI358781_A_Fujian_411_2002	CY019308_A_New_York_918_2005	2005.1.10	5.018	5	5	9	20.153	20	20	26
EPI358781_A_Fujian_411_2002	CY019324_A_New_York_918_2005	2005.1.10	5.018	5	5	9	20.155	20	20	26
EPI358781_A_Fujian_411_2002	CY020540_A_New_York_913_2005	2005.1.10	7.018	7	7	11	20.151	20	20	26
EPI358781_A_Fujian_411_2002	CY038686_A_Hong_Kong_HKU42_2005	2005.1.6	6.009	6	6	8	6.154	6	6	12
EPI358781_A_Fujian_411_2002	CY038702_A_Hong_Kong_HKU62_2005	2005.5.13	7.003	7	7	9	8.116	8	8	12
EPI358781_A_Fujian_411_2002	CY038710_A_Hong_Kong_HKU65_2005	2005.5.17	7.003	7	7	9	7.114	7	7	11
EPI358781_A_Fujian_411_2002	CY038718_A_Hong_Kong_HKU67_2005	2005.5.23	7.003	7	7	9	11.135	11	11	15
EPI358781_A_Fujian_411_2002	CY038734_A_Hong_Kong_HKU69_2005	2005.5.27	8.003	8	8	10	8.12	8	8	12
EPI358781_A_Fujian_411_2002	CY038742_A_Hong_Kong_HKU70_2005	2005.5.30	8.005	8	8	10	9.127	9	9	13
EPI358781_A_Fujian_411_2002	CY038758_A_Hong_Kong_HKU79_2005	2005.7.16	7.005	7	7	9	10.119	10	9	14
EPI358781_A_Fujian_411_2002	CY039054_A_Hong_Kong_HKU40_2004	2004.11.23	6.011	6	6	8	6.128	6	6	10
EPI358781_A_Fujian_411_2002	CY039062_A_Hong_Kong_HKU45_2005	2005.3.7	4.022	4	4	8	20.183	20	20	26
EPI358781_A_Fujian_411_2002	CY039070_A_Hong_Kong_HKU47_2005	2005.3.19	7.003	7	7	9	7.116	7	7	11
EPI358781_A_Fujian_411_2002	CY039214_A_Hong_Kong_HKU58_2005	2005.5.5	8.003	8	8	10	8.118	8	8	12
EPI358781_A_Fujian_411_2002	CY039230_A_Hong_Kong_HKU61_2005	2005.5.11	7.003	7	7	9	8.116	8	8	12
EPI358781_A_Fujian_411_2002	CY039238_A_Hong_Kong_HKU63_2005	2005.5.14	8.005	8	8	10	8.41	8	8	12
EPI358781_A_Fujian_411_2002	CY040329_A_Hong_Kong_HKU52_2005	2005.4.16	7.003	7	7	9	8.422	8	8	12
EPI358781_A_Fujian_411_2002	CY040345_A_Hong_Kong_HKU75_2005	2005.6.17	7.003	7	7	9	9.118	9	9	13
EPI358781_A_Fujian_411_2002	CY040353_A_Hong_Kong_HKU76_2005	2005.6.21	7.005	7	7	9	10.119	10	10	14
EPI358781_A_Fujian_411_2002	CY040361_A_Hong_Kong_HKU77_2005	2005.6.29	7.003	7	7	9	7.118	7	7	11
EPI358781_A_Fujian_411_2002	CY043767_A_Hong_Kong_HKU72_2005	2005.6.1	7.003	7	7	9	8.419	8	8	14
EPI358781_A_Fujian_411_2002	CY043775_A_Hong_Kong_HKU78_2005	2005.7.9	7.003	7	7	9	9.122	9	9	13
EPI358781_A_Fujian_411_2002	CY044404_A_Hong_Kong_HKU73_2005	2005.6.2	7.003	7	7	9	8.116	8	8	12
EPI358781_A_Fujian_411_2002	CY090996_A_South_Carolina_NHRC0001_2005	2005.2.11	7.018	7	7	11	20.165	20	20	26
EPI358781_A_Fujian_411_2002	CY091012_A_Illinois_NHRC0001_2005	2005.4.6	7.018	7	7	11	22.161	22	22	28
EPI358781_A_Fujian_411_2002	CY091140_A_Texas_NHRC0001_2005	2005.2.16	6.02	6	6	10	22.173	22	22	28
EPI358781_A_Fujian_411_2002	CY091316_A_Hong_Kong_NHRC0001_2005	2005.6.15	7.003	7	7	9	9.118	9	9	13
EPI358781_A_Fujian_411_2002	CY091436_A_California_NHRC0002_2005	2005.2.7	7.048	7	7	11	22.25	22	22	28
EPI358781_A_Fujian_411_2002	CY100575_A_Mexico_InDRE2246_2005	2005.9.11	7.003	7	7	9	12.132	12	11	16
EPI358781_A_Fujian_411_2002	CY112996_A_Netherlands_132_2004	2004.12.4	6.018	6	6	10	20.151	20	20	28
EPI358781_A_Fujian_411_2002	EPI502253_A_Wisconsin_67_2005	2005.1.1	8.009	8	8	10	13.122	13	13	17
EPI358781_A_Fujian_411_2002	KJ855424_A_Mexico_QUE2270_2005	2005.8.11	8.005	8	8	10	8.122	8	8	12
EPI358781_A_Fujian_411_2002	KJ855472_A_Mexico_TLA2227_2005	2005.9.11	10.003	10	10	12	8.116	8	8	12
EPI367109_A_California_7_2004	CY019866_A_New_York_938_2006	2006.3.2	10.011	10	10	12	28.281	28	28	34
EPI367109_A_California_7_2004	CY020372_A_New_York_938_2006	2006.3.2	10.011	10	10	12	28.281	28	28	34
EPI367109_A_California_7_2004	CY091036_A_Illinois_NHRC0002_2005	2005.12.23	10.009	10	10	12	26.257	26	26	30
EPI367109_A_California_7_2004	CY091532_A_California_NHRC0006_2005	2005.12.2	4.012	4	4	12	6.081	6	5	56
EPI367109_A_California_7_2004	CY113004_A_Netherlands_548_2005	2005.12.26	11.013	11	11	13	29.275	29	29	35
EPI367109_A_California_7_2004	CY172198_A_New_York_1001_2005	2005.11.10	12.009	12	12	14	25.29	25	25	51
EPI367109_A_California_7_2004	CY172390_A_New_York_1028_2006	2006.2.20	3.012	3	3	7	5.065	5	5	19
EPI502253_A_Wisconsin_67_2005	CY025428_A_California_UR06_0347_2007	2007.2.19	1.016	1	1	3	18.101	18	16	22
EPI502253_A_Wisconsin_67_2005	CY027570_A_Texas_UR06_0358_2007	2007.2.20	2.014	2	2	4	16.572	17	13	21
EPI502253_A_Wisconsin_67_2005	CY037310_A_Qatar_AF02_2008	2008.1.29	5.01	5	5	7	19.592	20	16	24
EPI502253_A_Wisconsin_67_2005	CY037326_A_Korea_AF05_2008	2008.2.19	2.01	2	2	4	26.086	26	24	30
EPI502253_A_Wisconsin_67_2005	CY039406_A_Taiwan_70002_2007	2007.1.2	2.01	2	2	4	8.046	8	8	10
EPI502253_A_Wisconsin_67_2005	CY039414_A_Taiwan_70113_2007	2007.1.15	1.008	1	1	3	9.048	9	9	11
EPI502253_A_Wisconsin_67_2005	CY040057_A_Taiwan_70307_2007	2007.2.3	1.008	1	1	3	11.049	11	11	13
EPI502253_A_Wisconsin_67_2005	CY040073_A_Taiwan_2361_2007	2007.11.12	2.01	2	2	4	20.099	20	18	24
EPI502253_A_Wisconsin_67_2005	CY040105_A_Taiwan_70120_2008	2008.1.15	2.016	2	2	4	20.096	20	18	24
EPI502253_A_Wisconsin_67_2005	CY044603_A_Boston_40_2008	2008.2.15	1.012	1	1	3	26.092	26	24	30
EPI502253_A_Wisconsin_67_2005	CY044827_A_Boston_88_2008	2008.4.16	2.012	2	2	4	17.691	18	15	22
EPI502253_A_Wisconsin_67_2005	CY113020_A_Netherlands_377_2008	2008.9.27	2.312	3	1	5	22.431	22	20	28
EPI502253_A_Wisconsin_67_2005	CY114404_A_Netherlands_363_2006	2006.12.24	2.006	2	2	4	15.109	15	14	27
EPI502253_A_Wisconsin_67_2005	CY114412_A_Netherlands_69_2007	2007.2.19	1.01	1	1	3	21.069	21	19	25
EPI502253_A_Wisconsin_67_2005	CY114420_A_Netherlands_348_2007	2007.11.6	2.01	2	2	4	15.084	15	13	19
EPI502253_A_Wisconsin_67_2005	CY173286_A_New_York_1155_2008	2008.3.27	2.014	2	2	4	16.695	17	14	21
EPI502253_A_Wisconsin_67_2005	EPI577980_A_Brisbane_10_2007	2007.2.6	2.01	2	2	4	14.572	15	11	19
EPI577980_A_Brisbane_10_2007	CY050611_A_New_York_3018_2009	2009.4.27	4.004	4	4	6	8.674	9	8	25
EPI577980_A_Brisbane_10_2007	CY050731_A_New_York_3143_2009	2009.4.30	3.004	3	3	5	8.665	9	8	11
EPI577980_A_Brisbane_10_2007	CY050795_A_New_York_3491_2009	2009.5.11	4.004	4	4	6	8.659	9	8	11
EPI577980_A_Brisbane_10_2007	CY050827_A_New_York_3738_2009	2009.5.20	3.006	3	3	5	9.701	10	9	32
EPI577980_A_Brisbane_10_2007	CY064830_A_California_VRDL138_2009	2009.4.29	3.002	3	3	5	11.515	11	11	31
EPI577980_A_Brisbane_10_2007	CY067976_A_California_VRDL339_2009	2009.5.4	3.004	3	3	5	8.744	9	8	31
EPI577980_A_Brisbane_10_2007	CY068104_A_California_VRDL368_2009	2009.4.27	2.002	2	2	4	6.657	7	6	9
EPI577980_A_Brisbane_10_2007	CY068208_A_California_VRDL170_2009	2009.4.28	2.004	2	2	4	12.287	12	10	30
EPI577980_A_Brisbane_10_2007	CY068232_A_California_VRDL188_2009	2009.4.29	4.016	4	4	6	15.691	16	15	18
EPI577980_A_Brisbane_10_2007	CY068296_A_California_VRDL247_2009	2009.4.29	3.016	3	3	5	14.696	15	14	19
EPI577980_A_Brisbane_10_2007	CY068336_A_California_VRDL260_2009	2009.5.1	3.004	3	3	5	9.711	10	9	14
EPI577980_A_Brisbane_10_2007	CY068360_A_California_VRDL263_2009	2009.4.30	3.004	3	3	5	9.713	10	9	14
EPI577980_A_Brisbane_10_2007	CY068416_A_California_VRDL277_2009	2009.4.30	3.004	3	3	5	9.681	10	9	29
EPI577980_A_Brisbane_10_2007	CY068480_A_California_VRDL309_2009	2009.5.2	2.006	2	2	4	13.486	13	13	24
EPI577980_A_Brisbane_10_2007	CY068640_A_California_VRDL394_2009	2009.4.28	4.016	4	4	6	12.711	13	12	17
EPI577980_A_Brisbane_10_2007	CY068781_A_California_VRDL205_2009	2009.4.29	3.016	3	3	5	13.693	14	13	16
EPI577980_A_Brisbane_10_2007	CY069322_A_Korea_WRAIR1038P_2009	2009.4.9	4.004	4	4	6	11.711	12	11	29
EPI577980_A_Brisbane_10_2007	CY069426_A_Japan_WRAIR1140P_2009	2009.2.9	3.011	3	3	5	11.599	11	11	33
EPI577980_A_Brisbane_10_2007	CY072221_A_New_York_20343_2010	2010.6.16	3.304	4	2	6	11.436	11	11	33
EPI577980_A_Brisbane_10_2007	CY077432_A_California_VRDL356_2009	2009.6.2	3.004	3	3	5	9.677	10	9	29
EPI577980_A_Brisbane_10_2007	CY084416_A_New_York_3918_2009	2009.6.5	5.004	5	5	7	8.659	9	8	11
EPI577980_A_Brisbane_10_2007	CY089740_A_Boston_40_2009	2009.2.27	5.014	5	5	7	12.695	13	12	17
EPI577980_A_Brisbane_10_2007	CY089756_A_Boston_75_2009	2009.1.16	3.004	3	3	5	13.502	13	13	24
EPI577980_A_Brisbane_10_2007	CY093237_A_South_Korea_WRAIR1171P_2009	2009.1.1	3.002	3	3	5	4.686	5	4	27
EPI577980_A_Brisbane_10_2007	CY093316_A_Kyrgyzstan_WRAIR1256P_2008	2008.12.1	3.002	3	3	5	6.645	7	6	9
EPI577980_A_Brisbane_10_2007	CY093348_A_Kuwait_WRAIR1561P_2009	2009.1.1	5.002	5	5	7	6.675	7	6	9
EPI577980_A_Brisbane_10_2007	CY106599_A_Hong_Kong_H090_671_V10_2009	2009.7.6	2.302	3	1	5	10.398	10	10	14
EPI577980_A_Brisbane_10_2007	CY106647_A_Hong_Kong_H090_689_V22_2009	2009.7.12	4.004	4	4	6	10.661	11	10	13
EPI577980_A_Brisbane_10_2007	CY106655_A_Hong_Kong_H090_692_V10_2009	2009.7.10	3.004	3	3	5	9.68	10	9	32
EPI577980_A_Brisbane_10_2007	CY106703_A_Hong_Kong_H090_714_V10_2009	2009.7.15	4.004	4	4	6	9.674	10	9	26
EPI577980_A_Brisbane_10_2007	CY106735_A_Hong_Kong_H090_720_V31_2009	2009.7.24	2.302	3	1	5	11.398	11	11	15
EPI577980_A_Brisbane_10_2007	CY106743_A_Hong_Kong_H090_724_V10_2009	2009.7.20	3.042	3	3	23	10.827	11	10	100
EPI577980_A_Brisbane_10_2007	CY106751_A_Hong_Kong_H090_724_V20_2009	2009.7.22	3.004	3	3	5	10.659	11	10	13
EPI577980_A_Brisbane_10_2007	CY106791_A_Hong_Kong_H090_733_V10_2009	2009.7.22	4.004	4	4	6	10.679	11	10	30
EPI577980_A_Brisbane_10_2007	CY106847_A_Hong_Kong_H090_739_V22_2009	2009.7.27	3.004	3	3	5	9.683	10	9	29
EPI577980_A_Brisbane_10_2007	CY106863_A_Hong_Kong_H090_739_V33_2009	2009.7.29	3.004	3	3	5	9.686	10	9	32
EPI577980_A_Brisbane_10_2007	CY106871_A_Hong_Kong_H090_741_V10_2009	2009.7.24	3.006	3	3	5	10.684	11	10	33
EPI577980_A_Brisbane_10_2007	CY106879_A_Hong_Kong_H090_747_V10_2009	2009.7.28	3.004	3	3	5	9.678	10	9	26
EPI577980_A_Brisbane_10_2007	CY113028_A_Netherlands_69_2009	2009.1.12	2.002	2	2	4	10.479	10	10	30
EPI577980_A_Brisbane_10_2007	CY113044_A_Netherlands_761_2009	2009.6.25	2.002	2	2	4	10.49	10	10	30
EPI577980_A_Brisbane_10_2007	CY115527_A_Hong_Kong_H090_689_V20_2009	2009.7.12	4.004	4	4	6	10.661	11	10	13
EPI577980_A_Brisbane_10_2007	CY115647_A_Hong_Kong_H090_726_V10_2009	2009.7.20	3.004	3	3	5	9.682	10	9	32
EPI577980_A_Brisbane_10_2007	CY115687_A_Hong_Kong_H090_734_V32_2009	2009.7.27	4.004	4	4	6	10.683	11	10	30
EPI577980_A_Brisbane_10_2007	CY115727_A_Hong_Kong_H090_739_V23_2009	2009.7.27	3.004	3	3	5	9.686	10	9	32
EPI577980_A_Brisbane_10_2007	CY115735_A_Hong_Kong_H090_739_V33_2009	2009.7.29	3.004	3	3	5	9.663	10	9	12
EPI577980_A_Brisbane_10_2007	CY147666_A_Mexico_24013_2008	2008.12.1	3.004	3	3	5	3.058	3	3	5
EPI577980_A_Brisbane_10_2007	EPI577969_A_Perth_16_2009	2009.4.7	4.874	5	3	7	8.726	9	8	31
EPI577980_A_Brisbane_10_2007	HQ664917_A_Nanjing_1655_2010	2010.9.10	6.007	6	6	8	17.725	18	17	40
EPI577980_A_Brisbane_10_2007	HQ664922_A_Nanjing_1654_2010	2010.9.10	5.009	5	5	7	15.719	16	15	18
EPI577980_A_Brisbane_10_2007	HQ664929_A_Nanjing_1663_2010	2010.9.10	7.009	7	7	9	18.687	19	18	21
EPI577980_A_Brisbane_10_2007	KY049985_A_Qinghai_178_2010	2010.3.15	6.013	7	5	9	17.699	18	17	20
EPI577969_A_Perth_16_2009	CY091580_A_Illinois_NHRC0002_2011	2011.1.19	5.88	6	4	8	17.241	17	17	39
EPI577969_A_Perth_16_2009	CY091588_A_California_NHRC0001_2011	2011.1.14	3.874	4	2	6	17.203	17	17	21
EPI577969_A_Perth_16_2009	CY092272_A_California_NHRC0003_2011	2011.1.28	3.876	4	2	6	20.233	20	20	42
EPI577969_A_Perth_16_2009	CY092288_A_California_NHRC0002_2011	2011.1.16	3.874	4	2	6	17.226	17	17	40
EPI577969_A_Perth_16_2009	CY093221_A_District_of_Columbia_WRAIR0300_2010	2010.11.17	5.878	6	4	8	18.237	18	18	22
EPI577969_A_Perth_16_2009	CY093540_A_Mexico_City_WRAIR3579T_2010	2010.12.9	3.874	4	2	6	17.224	17	17	40
EPI577969_A_Perth_16_2009	CY111165_A_Boston_DOA05_2011	2011.1.11	3.878	4	2	6	18.225	18	18	23
EPI577969_A_Perth_16_2009	CY111309_A_Boston_DOA48_2011	2011.2.16	7.876	8	6	10	20.246	20	20	42
EPI577969_A_Perth_16_2009	CY111317_A_Boston_DOA51_2011	2011.2.18	6.878	7	5	9	21.248	21	21	43
EPI577969_A_Perth_16_2009	CY111421_A_Boston_DOA78_2011	2011.3.14	3.878	4	2	6	18.248	18	18	41
EPI577969_A_Perth_16_2009	CY114428_A_Netherlands_063_2011	2011.1.5	6.013	7	5	8	11.112	11	11	42
EPI577969_A_Perth_16_2009	CY114516_A_Netherlands_034_2010	2010.12.23	5.876	6	4	8	17.192	17	17	21
EPI577969_A_Perth_16_2009	CY134520_A_Boston_DOA38_2011	2011.2.12	5.876	6	4	8	20.244	20	20	43
EPI577969_A_Perth_16_2009	CY134568_A_Boston_DOA47_2011	2011.2.14	4.878	5	3	7	20.252	20	20	42
EPI577969_A_Perth_16_2009	CY167515_A_Tennessee_F2018A_2011	2011.1.24	4.875	5	3	7	17.207	17	17	21
EPI577969_A_Perth_16_2009	CY167571_A_Tennessee_F2031A_2011	2011.2.7	4.874	5	3	7	18.252	18	18	41
EPI577969_A_Perth_16_2009	EPI417234_A_Victoria_361_2011	2011.10.24	6.876	7	5	9	22.228	22	22	26
EPI577969_A_Perth_16_2009	EPI556813_A_Texas_50_2012	2012.4.15	5.874	6	4	8	26.223	26	26	30
EPI577969_A_Perth_16_2009	KC882441_A_Iowa_19_2010	2010.12.30	3.876	4	2	6	17.231	17	17	39
EPI577969_A_Perth_16_2009	KC882476_A_Texas_24_2010	2010.12.31	3.874	4	2	6	19.238	19	19	42
EPI577969_A_Perth_16_2009	KC882565_A_New_Jersey_01_2011	2011.1.11	5.876	6	4	8	19.245	19	19	41
EPI577969_A_Perth_16_2009	KC882641_A_Texas_06_2011	2011.2.5	3.876	4	2	6	17.239	17	17	39
EPI577969_A_Perth_16_2009	KC892843_A_Nevada_12_2012	2012.3.30	4.878	5	3	7	19.25	19	19	42
EPI577969_A_Perth_16_2009	KR137644_A_Bethesda_NIH12_2011	2011.2.15	5.878	6	4	8	20.263	20	20	24
EPI577969_A_Perth_16_2009	KT888257_A_Moscow_1514A00504942N_2012	2012.1.19	4.879	5	3	7	15.691	16	14	37
EPI577969_A_Perth_16_2009	KT888258_A_Moscow_1514A00504950T_2012	2012.1.11	4.877	5	3	7	15.795	16	14	37
EPI577969_A_Perth_16_2009	KT888259_A_Moscow_1514A00505149T_2012	2012.4.12	4.878	5	3	7	20.261	20	20	43
EPI577969_A_Perth_16_2009	KT888260_A_Moscow_1514A00505153N_2012	2012.3.23	4.878	5	3	7	20.262	20	20	44
EPI577969_A_Perth_16_2009	KT888261_A_Moscow_1514A00505162N_2012	2012.4.13	4.878	5	3	7	20.238	20	20	25
EPI577969_A_Perth_16_2009	KT888262_A_Mexico_City_1514A00904139N_CP2_2010	2010.12.29	3.877	4	2	6	16.905	17	15	40
EPI577969_A_Perth_16_2009	KT888267_A_Amman_1514A01004462T_2012	2012.1.11	4.878	5	3	7	22.342	22	22	45
EPI577969_A_Perth_16_2009	KT888268_A_Amman_1514A01004465T_2011	2011.12.5	4.878	5	3	7	22.315	22	22	27
EPI577969_A_Perth_16_2009	KT888275_A_Hong_Kong_1514A01704826T_2011	2011.11.15	5.874	6	4	8	24.209	24	24	28
EPI577969_A_Perth_16_2009	KT888279_A_Prague_1514A06404885N_2012	2012.4.12	5.876	6	4	8	22.243	22	22	44
EPI577969_A_Perth_16_2009	KT888281_A_Sarajevo_1514A06604486N_2012	2012.1.11	5.878	6	4	8	24.302	24	24	47
EPI577969_A_Perth_16_2009	KT888283_A_Budapest_1514A07804502N_2011	2011.12.12	5.874	6	4	8	16.224	16	16	20
EPI577969_A_Perth_16_2009	KT888944_A_Yokosuka_SE680_2012	2012.1.24	6.878	7	5	9	17.277	17	17	40
EPI577969_A_Perth_16_2009	KT888945_A_Yokosuka_SE863_2012	2012.2.3	4.874	5	3	7	17.232	17	17	21
EPI577969_A_Perth_16_2009	KT889082_A_Japan_17_2012	2012.1.31	4.878	5	3	7	17.277	17	17	40
EPI577969_A_Perth_16_2009	KT889083_A_Korea_18_2012	2012.1.24	7.874	8	6	10	21.244	21	21	44
EPI577969_A_Perth_16_2009	KT889087_A_Japan_22_2011	2011.12.20	7.876	8	6	10	22.251	22	22	45
EPI577969_A_Perth_16_2009	KT889091_A_Japan_26_2012	2012.3.5	4.878	5	3	7	21.251	21	21	48
EPI577969_A_Perth_16_2009	KT889099_A_Korea_37_2012	2012.1.19	5.874	6	4	8	24.227	24	24	28
EPI577969_A_Perth_16_2009	KT889102_A_Kyrgyzstan_40_2012	2012.1.12	5.874	6	4	8	25.225	25	25	29
EPI577969_A_Perth_16_2009	KT889103_A_Kyrgyzstan_41_2012	2012.1.12	5.874	6	4	8	23.231	23	23	27
EPI577969_A_Perth_16_2009	KT889104_A_Japan_42_2012	2012.1.31	5.878	6	4	8	17.258	17	17	21
EPI577969_A_Perth_16_2009	KT889105_A_Japan_43_2012	2012.2.5	5.878	6	4	8	17.277	17	17	40
EPI577969_A_Perth_16_2009	KT889107_A_Korea_45_2012	2012.1.13	4.874	5	3	7	21.299	21	21	44
EPI577969_A_Perth_16_2009	KT889108_A_Korea_47_2012	2012.1.20	6.876	7	5	9	26.246	26	26	49
EPI577969_A_Perth_16_2009	MK640845_A_China_38887_2012	2012.8.29	8.878	9	7	11	26.28	26	26	49
EPI577969_A_Perth_16_2009	MK640846_A_China_38888_2012	2012.8.29	6.876	7	5	9	28.25	28	28	32
EPI577969_A_Perth_16_2009	MK640847_A_China_39207_2012	2012.9.26	5.874	6	4	8	21.215	21	21	25
EPI577969_A_Perth_16_2009	MK729833_A_New_York_WC_LVD_10_001_2010	2010.11.4	5.877	6	4	8	17.225	17	17	40
EPI577969_A_Perth_16_2009	MK729873_A_New_York_WC_LVD_10_006_2010	2010.12.16	3.003	3	3	5	8.089	8	8	39
EPI417234_A_Victoria_361_2011	CY134779_A_Texas_JMM_8_2012	2012.11.20	5.01	5	5	7	26.108	26	24	55
EPI417234_A_Victoria_361_2011	CY135131_A_Texas_JMM_54_2012	2012.12.6	4.002	4	4	6	12.341	12	12	16
EPI417234_A_Victoria_361_2011	CY148427_A_Boston_DOA2_112_2012	2012.12.4	4.008	4	4	6	11.368	11	10	25
EPI417234_A_Victoria_361_2011	CY148547_A_Boston_DOA2_128_2012	2012.12.18	5.006	5	5	7	11.356	11	10	25
EPI417234_A_Victoria_361_2011	CY148707_A_Boston_DOA2_149_2013	2013.1.9	3.006	3	3	5	11.402	11	11	58
EPI417234_A_Victoria_361_2011	CY148787_A_Boston_DOA2_161_2013	2013.1.2	4.004	4	4	6	13.422	13	13	58
EPI417234_A_Victoria_361_2011	CY148923_A_Boston_DOA2_180_2013	2013.1.13	3.008	3	3	5	11.377	11	11	25
EPI417234_A_Victoria_361_2011	CY149131_A_Boston_DOA2_218_2013	2013.1.15	4.012	4	4	6	14.432	14	14	28
EPI417234_A_Victoria_361_2011	CY149323_A_Boston_DOA2_245_2013	2013.1.25	3.008	3	3	5	10.483	10	10	24
EPI417234_A_Victoria_361_2011	CY167934_A_Boston_YGA_00008_2012	2012.12.19	4.004	4	4	6	13.341	13	13	17
EPI417234_A_Victoria_361_2011	CY168094_A_Boston_YGA_00035_2013	2013.1.10	4.01	4	4	6	11.408	11	11	56
EPI417234_A_Victoria_361_2011	CY168238_A_Boston_YGA_00054_2013	2013.1.24	3.002	3	3	5	12.351	12	12	16
EPI417234_A_Victoria_361_2011	CY168846_A_Boston_YGA_01045_2012	2012.12.25	5.01	5	5	7	26.11	26	24	55
EPI417234_A_Victoria_361_2011	CY168878_A_Boston_YGA_01049_2012	2012.12.26	4.006	4	4	6	13.394	13	13	58
EPI417234_A_Victoria_361_2011	CY169366_A_Boston_YGA_01115_2013	2013.1.1	5.01	5	5	7	12.381	12	12	26
EPI417234_A_Victoria_361_2011	CY169798_A_Boston_YGA_01173_2013	2013.1.17	4.012	4	4	6	13.431	13	13	27
EPI417234_A_Victoria_361_2011	CY169878_A_Boston_YGA_01186_2013	2013.1.21	6.008	6	6	8	13.426	13	13	27
EPI417234_A_Victoria_361_2011	CY170126_A_Boston_YGA_02003_2012	2012.12.17	3.008	3	3	5	12.396	12	12	57
EPI417234_A_Victoria_361_2011	CY170350_A_Boston_YGA_02039_2013	2013.1.19	3.002	3	3	5	13.365	13	13	17
EPI417234_A_Victoria_361_2011	CY170574_A_Santa_Clara_YGA_03016_2013	2013.1.17	4.01	4	4	6	13.408	13	13	58
EPI417234_A_Victoria_361_2011	CY170998_A_Santa_Clara_YGA_03074_2013	2013.1.8	3.008	3	3	5	11.411	11	11	56
EPI417234_A_Victoria_361_2011	CY171246_A_Chicago_YGA_04053_2012	2012.12.18	4.006	4	4	6	9.394	9	9	54
EPI417234_A_Victoria_361_2011	CY171270_A_Chicago_YGA_04056_2012	2012.12.18	6.006	6	6	8	10.415	10	10	24
EPI417234_A_Victoria_361_2011	CY171342_A_Chicago_YGA_04090_2012	2012.12.26	3.004	3	3	5	12.347	12	12	16
EPI417234_A_Victoria_361_2011	CY171406_A_Chicago_YGA_04102_2012	2012.12.27	4.004	4	4	6	10.354	10	10	24
EPI417234_A_Victoria_361_2011	CY171638_A_Chicago_YGA_04135_2013	2013.1.3	3.004	3	3	5	11.347	11	11	15
EPI417234_A_Victoria_361_2011	CY171734_A_Chicago_YGA_04198_2013	2013.1.23	5.016	5	5	7	28.125	28	26	32
EPI417234_A_Victoria_361_2011	CY182800_A_Houston_JMM_74_2012	2012.12.15	4.006	4	4	6	11.398	11	11	56
EPI417234_A_Victoria_361_2011	CY182848_A_Houston_JMM_80_2012	2012.12.18	4.002	4	4	6	11.343	11	11	15
EPI417234_A_Victoria_361_2011	CY182880_A_Houston_JMM_85_2012	2012.12.19	4.002	4	4	6	12.341	12	12	16
EPI417234_A_Victoria_361_2011	CY182960_A_Houston_JMM_96_2012	2012.12.29	5.006	5	5	7	12.404	12	12	57
EPI417234_A_Victoria_361_2011	CY183136_A_Houston_JMM_120_2013	2013.1.8	3.006	3	3	5	12.375	12	12	16
EPI417234_A_Victoria_361_2011	CY207362_A_New_York_WC_LVD_14_073_2014	2014.12.3	6.006	6	6	8	19.49	19	19	64
EPI417234_A_Victoria_361_2011	CY207634_A_New_York_WC_LVD_14_094_2014	2014.12.26	10.011	10	9	12	17.424	17	17	21
EPI417234_A_Victoria_361_2011	CY207882_A_New_York_WC_LVD_14_097_2014	2014.11.10	7.008	7	7	9	19.498	19	19	64
EPI417234_A_Victoria_361_2011	EPI614441_A_Switzerland_9715293_2013	2013.12.6	11.013	11	10	13	14.427	14	14	28
EPI417234_A_Victoria_361_2011	KF034876_A_Suzhou_1275_2013	2013.4.4	7.019	7	7	9	12.438	12	12	57
EPI417234_A_Victoria_361_2011	KR057629_A_Hawaii_39_2014	2014.8.13	2.03	2	2	4	24.233	24	24	59
EPI417234_A_Victoria_361_2011	KR057691_A_California_18_2014	2014.8.8	2.008	2	2	4	21.229	21	21	56
EPI417234_A_Victoria_361_2011	KT835748_A_Maryland_02_2015	2015.1.24	7.008	7	7	9	17.513	17	17	65
EPI417234_A_Victoria_361_2011	KT835964_A_California_20_2015	2015.1.20	2.01	2	2	4	25.209	25	25	60
EPI417234_A_Victoria_361_2011	KT836015_A_North_Carolina_25_2015	2015.1.25	6.004	6	6	8	16.499	16	16	20
EPI417234_A_Victoria_361_2011	KT836198_A_North_Carolina_03_2015	2015.1.20	6.008	6	6	8	18.53	18	18	66
EPI417234_A_Victoria_361_2011	KT836316_A_West_Virginia_07_2015	2015.1.25	6.006	6	6	8	18.513	18	18	63
EPI417234_A_Victoria_361_2011	KT836426_A_Iowa_12_2015	2015.1.30	8.01	8	8	10	20.482	20	20	35
EPI417234_A_Victoria_361_2011	KT837113_A_California_19_2014	2014.9.4	7.006	7	7	9	19.466	19	19	33
EPI417234_A_Victoria_361_2011	KT837844_A_Colorado_15_2014	2014.10.4	6.006	6	6	8	19.472	19	19	33
EPI417234_A_Victoria_361_2011	KT837873_A_Mississippi_05_2014	2014.10.14	8.008	8	8	10	19.471	19	19	33
EPI417234_A_Victoria_361_2011	KT838103_A_Maryland_28_2014	2014.10.14	6.008	6	6	8	17.502	17	17	62
EPI417234_A_Victoria_361_2011	KT838296_A_Minnesota_28_2014	2014.10.18	6.004	6	6	8	17.449	17	17	21
EPI417234_A_Victoria_361_2011	KT838328_A_Louisiana_11_2014	2014.10.21	2.006	2	2	4	23.212	23	23	31
EPI417234_A_Victoria_361_2011	KT838891_A_Georgia_04_2014	2014.11.20	6.008	6	6	8	18.457	18	18	32
EPI417234_A_Victoria_361_2011	KT838993_A_Missouri_11_2014	2014.11.18	3.012	3	3	5	25.205	25	25	60
EPI417234_A_Victoria_361_2011	KT839062_A_Texas_62_2014	2014.11.3	6.004	6	6	8	16.449	16	16	20
EPI417234_A_Victoria_361_2011	KT839395_A_Pennsylvania_49_2014	2014.11.28	6.008	6	6	8	21.514	21	21	69
EPI417234_A_Victoria_361_2011	KT839657_A_Alabama_10_2014	2014.12.4	8.008	8	8	10	18.49	18	16	63
EPI417234_A_Victoria_361_2011	KT840076_A_Tennessee_15_2014	2014.12.9	6.01	6	6	8	19.931	19	19	68
EPI417234_A_Victoria_361_2011	KT840285_A_Virginia_37_2014	2014.12.5	6.006	6	6	8	19.452	19	18	23
EPI417234_A_Victoria_361_2011	KT840798_A_Massachusetts_23_2014	2014.12.14	6.008	6	6	8	19.507	19	19	65
EPI417234_A_Victoria_361_2011	KT840865_A_Washington_60_2014	2014.12.23	3.016	3	3	7	23.238	23	23	76
EPI417234_A_Victoria_361_2011	KT841078_A_California_43_2014	2014.12.23	6.004	6	6	8	16.457	16	16	26
EPI417234_A_Victoria_361_2011	KT841228_A_North_Carolina_06_2015	2015.1.7	3.01	3	3	5	25.216	25	25	60
EPI417234_A_Victoria_361_2011	KT841571_A_Rhode_Island_05_2015	2015.1.7	6.006	6	6	8	17.469	17	17	31
EPI417234_A_Victoria_361_2011	KT841585_A_South_Dakota_01_2015	2015.1.5	6.009	6	6	8	18.53	18	18	66
EPI417234_A_Victoria_361_2011	KT841691_A_Kentucky_01_2015	2015.1.1	6.006	6	6	8	23.47	23	23	27
EPI417234_A_Victoria_361_2011	KT841712_A_Wisconsin_02_2015	2015.1.6	7.004	7	7	9	20.486	20	20	24
EPI417234_A_Victoria_361_2011	KT842043_A_Indiana_13_2015	2015.2.17	8.011	8	8	10	21.514	21	21	69
EPI417234_A_Victoria_361_2011	KT842079_A_Pennsylvania_05_2015	2015.2.6	7.008	7	7	9	21.464	21	21	25
EPI417234_A_Victoria_361_2011	KT842218_A_Delaware_18_2015	2015.2.23	6.008	6	6	8	21.46	21	21	35
EPI417234_A_Victoria_361_2011	KT842837_A_South_Dakota_35_2015	2015.3.14	6.005	6	6	8	20.462	20	20	24
EPI417234_A_Victoria_361_2011	KT842864_A_North_Dakota_06_2015	2015.3.8	6.005	6	6	8	19.466	19	19	23
EPI417234_A_Victoria_361_2011	KT843589_A_Iowa_34_2015	2015.7.30	6.008	6	6	8	20.507	20	20	66
EPI417234_A_Victoria_361_2011	KT843646_A_Alaska_26_2015	2015.6.14	7.009	7	7	9	22.495	22	22	36
EPI417234_A_Victoria_361_2011	KT843896_A_Ohio_26_2015	2015.8.17	6.008	6	6	8	19.519	19	19	68
EPI417234_A_Victoria_361_2011	KT844012_A_Iowa_28_2015	2015.7.30	6.004	6	6	8	20.451	20	20	26
EPI417234_A_Victoria_361_2011	KT844048_A_Washington_36_2015	2015.5.10	6.006	6	6	8	17.473	17	17	31
EPI417234_A_Victoria_361_2011	KT844075_A_Alaska_69_2015	2015.6.26	6.008	6	6	8	20.507	20	20	66
EPI417234_A_Victoria_361_2011	KT888272_A_Kabul_1514A01305430N_2013	2013.1.7	3.004	3	3	5	10.407	10	10	55
EPI417234_A_Victoria_361_2011	KT888276_A_Taipei_1514A02605215N_2013	2013.5.7	5.012	5	5	7	15.452	15	15	19
EPI417234_A_Victoria_361_2011	KT888277_A_Taipei_1514A02605215T_2013	2013.5.7	5.012	5	5	7	15.45	15	15	19
EPI417234_A_Victoria_361_2011	KT888280_A_Pristina_1514A06505401N_2013	2013.2.6	3.006	3	3	5	9.359	9	9	13
EPI417234_A_Victoria_361_2011	KT888284_A_Budapest_1514A07805419T_2013	2013.2.5	3.002	3	3	5	10.354	10	9	14
EPI417234_A_Victoria_361_2011	KT888285_A_Budapest_1514A07805832T_2013	2013.2.6	3.006	3	3	5	10.411	10	9	55
EPI417234_A_Victoria_361_2011	KU589864_A_New_Hampshire_40_2015	2015.9.14	7.008	7	7	9	19.564	19	19	25
EPI417234_A_Victoria_361_2011	KU590701_A_Ohio_28_2015	2015.9.17	6.006	6	6	8	18.467	18	18	32
EPI417234_A_Victoria_361_2011	KY116931_A_Alaska_232_2015	2015.9.9	6.006	6	6	8	22.498	22	22	66
EPI417234_A_Victoria_361_2011	KY487521_A_Columbia_P0079_2014	2014.12.25	6.012	6	6	8	20.457	20	20	34
EPI417234_A_Victoria_361_2011	KY509828_A_Seoul_1595_2015	2015.9.14	7.006	7	7	9	18.455	18	18	22
EPI417234_A_Victoria_361_2011	KY615536_A_Columbia_P0112_2014	2014.12.27	7.008	7	7	9	17.509	17	17	62
EPI417234_A_Victoria_361_2011	KY681484_A_Saudi_Arabia_07_2014	2014.10.4	9.009	9	8	11	16.411	16	16	20
EPI417234_A_Victoria_361_2011	KY681500_A_Saudi_Arabia_28_2015	2015.9.25	6.004	6	6	8	19.453	19	19	25
EPI417234_A_Victoria_361_2011	LC032870_A_Kyoto_13K025_2014	2014.2.5	2.008	2	2	4	19.201	19	19	54
EPI417234_A_Victoria_361_2011	LC032886_A_Kyoto_13K054_2014	2014.2.13	6.012	6	6	8	14.426	14	14	59
EPI417234_A_Victoria_361_2011	LC032990_A_Hokkaido_13H009_2014	2014.1.14	3.008	3	3	5	18.201	18	18	53
EPI417234_A_Victoria_361_2011	LC033126_A_Niigata_13F024_2014	2014.1.31	10.011	10	9	12	15.461	15	15	60
EPI417234_A_Victoria_361_2011	LC033134_A_Niigata_13F335_2014	2014.3.3	7.008	7	7	9	16.577	16	16	34
EPI417234_A_Victoria_361_2011	LC033302_A_Nagasaki_13N004_2014	2014.1.2	6.014	6	6	8	11.412	11	11	56
EPI417234_A_Victoria_361_2011	LC033310_A_Nagasaki_13N007_2014	2014.1.13	4.012	4	4	6	12.357	12	12	16
EPI417234_A_Victoria_361_2011	LC033326_A_Nagasaki_13N046_2014	2014.1.30	6.006	6	6	8	15.587	15	15	59
EPI417234_A_Victoria_361_2011	MK640848_A_China_41303_2012	2012.12.24	3.002	3	3	5	8.345	8	8	12
EPI417234_A_Victoria_361_2011	MK640849_A_China_41304_2012	2012.12.24	3.006	3	3	5	13.412	13	13	58
EPI417234_A_Victoria_361_2011	MK640850_A_China_41678_2013	2013.1.5	4.006	4	4	6	10.351	10	10	14
EPI417234_A_Victoria_361_2011	MK640851_A_China_41691_2013	2013.1.5	4.002	4	4	6	12.389	12	12	16
EPI417234_A_Victoria_361_2011	MK640852_A_China_44381_2013	2013.4.9	4.016	4	4	6	11.345	11	11	15
EPI417234_A_Victoria_361_2011	MK640853_A_China_51045_2013	2013.12.29	4.01	4	4	6	15.353	15	15	19
EPI417234_A_Victoria_361_2011	MK640854_A_China_51323_2014	2014.1.6	5.014	5	5	7	14.416	14	14	59
EPI417234_A_Victoria_361_2011	MK640855_A_China_51340_2014	2014.1.6	4.014	4	4	6	16.444	16	16	61
EPI417234_A_Victoria_361_2011	MK640856_A_China_55254_2014	2014.5.8	9.013	9	8	11	14.464	14	14	59
EPI417234_A_Victoria_361_2011	MK640857_A_China_55312_2014	2014.5.13	10.011	10	9	12	15.412	15	15	19
EPI417234_A_Victoria_361_2011	MK640859_A_China_59100_2014	2014.11.14	10.013	10	9	12	14.477	14	14	59
EPI417234_A_Victoria_361_2011	MK640865_A_China_60938_2014	2014.12.9	11.013	11	10	13	14.445	14	14	28
EPI417234_A_Victoria_361_2011	MK640867_A_China_J7525_2014	2014.12.9	9.011	9	8	11	17.404	17	17	21
EPI417234_A_Victoria_361_2011	MK640868_A_China_J7506_2014	2014.12.9	11.021	11	10	13	19.484	19	19	64
EPI417234_A_Victoria_361_2011	MK640871_A_China_60701_2014	2014.12.11	10.017	10	9	12	16.473	16	16	61
EPI417234_A_Victoria_361_2011	MK640877_A_China_61248_2014	2014.12.16	9.011	9	8	11	16.405	16	16	20
EPI417234_A_Victoria_361_2011	MK640878_A_China_61391_2014	2014.12.18	6.006	6	6	8	18.461	18	18	32
EPI417234_A_Victoria_361_2011	MK640879_A_China_61007_2014	2014.12.18	9.015	9	8	11	16.474	16	16	61
EPI417234_A_Victoria_361_2011	MK640881_A_China_60736_2014	2014.12.18	12.017	12	11	16	20.492	20	20	65
EPI417234_A_Victoria_361_2011	MK640882_A_China_60786_2014	2014.12.18	12.013	12	11	16	19.429	19	19	23
EPI417234_A_Victoria_361_2011	MK640885_A_China_61309_2014	2014.12.18	9.013	9	8	11	18.464	18	18	63
EPI417234_A_Victoria_361_2011	MK640887_A_China_61520_2014	2014.12.19	9.017	9	8	13	19.483	19	19	64
EPI417234_A_Victoria_361_2011	MK640892_A_China_61481_2014	2014.12.23	9.413	10	7	12	19.482	19	19	64
EPI417234_A_Victoria_361_2011	MK640894_A_China_62885_2015	2015.1.27	9.013	9	8	11	16.618	16	16	61
EPI417234_A_Victoria_361_2011	MK640895_A_China_62889_2015	2015.1.27	10.013	10	9	12	15.423	15	15	19
EPI417234_A_Victoria_361_2011	MK640896_A_China_62895_2015	2015.1.27	11.507	12	9	14	15.972	16	14	59
EPI417234_A_Victoria_361_2011	MK640897_A_China_63513_2015	2015.2.17	10.019	10	9	12	22.524	22	22	68
EPI417234_A_Victoria_361_2011	MK640899_A_China_66886_2015	2015.7.22	7.004	7	7	9	22.461	22	22	26
EPI417234_A_Victoria_361_2011	MK640901_A_China_67013_2015	2015.8.24	7.006	7	7	9	23.495	23	23	37
EPI417234_A_Victoria_361_2011	MK730233_A_New_York_WC_LVD_12_051_2012	2012.10.5	4.004	4	4	6	12.399	12	12	57
EPI417234_A_Victoria_361_2011	MK730273_A_New_York_WC_LVD_12_057_2012	2012.12.7	3.006	3	3	5	10.398	10	10	55
EPI417234_A_Victoria_361_2011	MK730497_A_New_York_WC_LVD_12_086_2012	2012.12.17	5.008	5	5	7	12.4	12	12	57
EPI417234_A_Victoria_361_2011	MK817973_A_Maryland_178_5D_2013	2013.2.7	4.006	4	4	6	9.353	9	9	13
EPI417234_A_Victoria_361_2011	MK818117_A_Maryland_63_5D_2013	2013.1.11	4.006	4	4	6	10.349	10	10	14
EPI417234_A_Victoria_361_2011	MK969839_A_Maryland_127_17D_2013	2013.2.4	3.01	3	3	5	13.412	13	13	58
EPI417234_A_Victoria_361_2011	MK970023_A_Maryland_22_1_2012	2012.12.12	5.006	5	5	7	9.345	9	9	13
EPI614441_A_Switzerland_9715293_2013	CY208845_A_Texas_182_2016	2016.8.31	14.025	14	13	18	27.274	27	27	47
EPI614441_A_Switzerland_9715293_2013	CY264049_A_Arizona_67_2016	2016.5.4	11.013	11	10	15	26.257	26	25	77
EPI614441_A_Switzerland_9715293_2013	EPI686117_A_Hong_Kong_15611_2015	2015.10.19	11.013	11	10	15	22.204	22	22	42
EPI614441_A_Switzerland_9715293_2013	KU591160_A_Hawaii_68_2015	2015.10.5	13.017	13	12	17	19.239	19	19	39
EPI614441_A_Switzerland_9715293_2013	KU592163_A_Hawaii_74_2015	2015.10.9	11.017	11	10	15	23.268	23	23	74
EPI614441_A_Switzerland_9715293_2013	KU592184_A_South_Dakota_39_2015	2015.10.13	11.017	11	10	15	19.23	19	19	39
EPI614441_A_Switzerland_9715293_2013	KX412042_A_Iowa_45_2015	2015.10.22	12.017	12	11	16	22.262	22	22	76
EPI614441_A_Switzerland_9715293_2013	KX413283_A_Georgia_40_2016	2016.3.6	10.611	10	9	16	18.284	18	18	71
EPI614441_A_Switzerland_9715293_2013	KX414582_A_Washington_26_2016	2016.1.19	12.013	12	11	16	23.245	23	23	43
EPI614441_A_Switzerland_9715293_2013	KX416117_A_Washington_47_2016	2016.3.14	11.019	11	10	15	25.291	25	25	76
EPI614441_A_Switzerland_9715293_2013	KX416429_A_Hawaii_28_2016	2016.2.29	12.016	12	11	16	20.244	20	20	40
EPI614441_A_Switzerland_9715293_2013	KX416829_A_Washington_55_2016	2016.4.12	10.611	10	9	16	18.298	18	18	71
EPI614441_A_Switzerland_9715293_2013	KX417005_A_Texas_136_2016	2016.4.22	10.615	10	9	16	18.694	18	18	71
EPI614441_A_Switzerland_9715293_2013	KX916993_A_California_12_2016	2016.1.12	12.015	12	11	16	21.305	21	21	73
EPI614441_A_Switzerland_9715293_2013	KX918281_A_Kentucky_26_2016	2016.4.25	11.605	11	10	17	21.252	21	20	43
EPI614441_A_Switzerland_9715293_2013	KY115915_A_Nebraska_24_2016	2016.9.19	12.023	12	11	16	27.258	27	27	47
EPI614441_A_Switzerland_9715293_2013	KY487603_A_Taipei_0020_2016	2016.1.5	11.013	11	10	15	22.29	22	22	42
EPI614441_A_Switzerland_9715293_2013	KY487612_A_Linkou_0081_2016	2016.1.26	12.019	12	11	16	27.31	27	27	82
EPI614441_A_Switzerland_9715293_2013	KY509826_A_Chungbuk_107_2016	2016.1.18	4.544	5	4	18	8.715	9	8	37
EPI614441_A_Switzerland_9715293_2013	KY509827_A_Gyeonggi_458_2016	2016.2.22	6.544	7	6	20	12.689	13	12	41
EPI614441_A_Switzerland_9715293_2013	KY615384_A_Keelung_0026_2016	2016.1.15	11.018	11	10	15	27.295	27	26	84
EPI614441_A_Switzerland_9715293_2013	KY615571_A_Taipei_0011_2015	2015.12.24	11.021	11	10	15	18.262	18	18	68
EPI614441_A_Switzerland_9715293_2013	MG984174_A_Shanghai_1_2016	2016.9.14	13.027	13	12	17	39.335	39	39	61
EPI614441_A_Switzerland_9715293_2013	MK640903_A_China_70219_2015	2015.12.25	11.021	11	10	15	23.379	23	22	74
EPI614441_A_Switzerland_9715293_2013	MK640906_A_China_71516_2016	2016.1.25	11.013	11	10	15	25.237	25	25	47
EPI686117_A_Hong_Kong_15611_2015	1444950_A_Chepstow_1180_2019	2019.3.25	1.01	1	1	7	10.094	10	10	38
EPI686117_A_Hong_Kong_15611_2015	1448200_A_Louisiana_34_2019	2019.4.24	1.038	1	1	11	18.136	18	18	68
EPI686117_A_Hong_Kong_15611_2015	1479371_A_Hawaii_31_2019	2019.4.17	0.03	0	0	10	17.132	17	17	67
EPI686117_A_Hong_Kong_15611_2015	1548016_A_Cheboksary_153_2019	2019.3.18	1.018	1	1	11	15.176	15	15	95
EPI686117_A_Hong_Kong_15611_2015	1548064_A_Tomsk_155_2019	2019.3.11	1.016	1	1	7	12.126	12	12	40
EPI686117_A_Hong_Kong_15611_2015	1548211_A_Mexico_1952_2019	2019.5.7	2.012	2	2	12	16.13	16	16	66
EPI686117_A_Hong_Kong_15611_2015	1592032_A_Hong_Kong_2671_2019	2019.6.11	2.04	2	2	12	10.251	10	10	62
EPI686117_A_Hong_Kong_15611_2015	1597372_A_Louisiana_39_2019	2019.8.25	2.006	2	0	8	15.372	15	15	43
EPI686117_A_Hong_Kong_15611_2015	1609436_A_El_Salvador_517_2019	2019.7.30	0.042	0	0	10	18.181	18	18	70
EPI686117_A_Hong_Kong_15611_2015	1609444_A_Hawaii_64_2019	2019.9.15	1.018	1	1	11	13.168	13	13	93
EPI686117_A_Hong_Kong_15611_2015	1808226_A_Jiangxi_Zhanggong_1512_2019	2019.6.11	2.024	2	2	12	8.222	8	8	90
EPI686117_A_Hong_Kong_15611_2015	CY210604_A_Idaho_41_2016	2016.11.22	1.038	1	1	11	6.255	6	6	86
EPI686117_A_Hong_Kong_15611_2015	CY211583_A_California_129_2016	2016.10.5	3.038	3	3	13	5.219	5	5	55
EPI686117_A_Hong_Kong_15611_2015	CY212631_A_Nevada_55_2016	2016.12.8	2.02	2	2	12	20.181	20	20	68
EPI686117_A_Hong_Kong_15611_2015	CY212887_A_California_184_2016	2016.12.13	0.038	0	0	10	9.258	9	9	94
EPI686117_A_Hong_Kong_15611_2015	CY212895_A_California_187_2016	2016.12.14	7.02	7	7	11	31.323	31	31	53
EPI686117_A_Hong_Kong_15611_2015	CY213847_A_Minnesota_76_2016	2016.10.25	1.032	1	1	11	16.172	16	16	85
EPI686117_A_Hong_Kong_15611_2015	CY214207_A_Hawaii_103_2016	2016.12.7	1.016	1	1	11	16.083	16	16	54
EPI686117_A_Hong_Kong_15611_2015	CY214479_A_Maryland_31_2016	2016.12.19	0.01	0	0	10	9.129	9	9	92
EPI686117_A_Hong_Kong_15611_2015	CY214567_A_West_Virginia_01_2017	2017.1.3	1.014	1	1	11	10.189	10	10	91
EPI686117_A_Hong_Kong_15611_2015	CY214879_A_California_214_2016	2016.12.31	1.038	1	1	11	5.25	5	5	86
EPI686117_A_Hong_Kong_15611_2015	CY218123_A_Wisconsin_08_2017	2017.1.13	1.028	1	1	11	6.191	6	6	56
EPI686117_A_Hong_Kong_15611_2015	CY220132_A_Texas_32_2017	2017.1.31	1.02	1	1	9	20.181	20	20	68
EPI686117_A_Hong_Kong_15611_2015	CY220180_A_New_Jersey_07_2017	2017.1.30	1.014	1	1	11	9.147	9	8	59
EPI686117_A_Hong_Kong_15611_2015	CY220548_A_Alabama_06_2017	2017.2.7	2.02	2	2	10	21.217	21	21	99
EPI686117_A_Hong_Kong_15611_2015	CY221923_A_Texas_47_2017	2017.2.13	1.004	1	1	3	11.088	11	10	15
EPI686117_A_Hong_Kong_15611_2015	CY223218_A_New_Mexico_11_2017	2017.2.28	1.048	1	1	11	19.333	19	19	102
EPI686117_A_Hong_Kong_15611_2015	CY223691_A_Maryland_10_2017	2017.1.31	0.002	0	0	2	7.065	7	6	11
EPI686117_A_Hong_Kong_15611_2015	CY223707_A_Ohio_05_2017	2017.2.7	2	2	2	2	18.117	18	16	20
EPI686117_A_Hong_Kong_15611_2015	CY223731_A_Florida_10_2017	2017.2.8	0.01	0	0	10	8.116	8	8	58
EPI686117_A_Hong_Kong_15611_2015	CY223739_A_Florida_11_2017	2017.2.13	0.012	0	0	10	14.222	14	14	58
EPI686117_A_Hong_Kong_15611_2015	CY224883_A_Arizona_06_2017	2017.1.31	0.012	0	0	10	7.156	7	7	57
EPI686117_A_Hong_Kong_15611_2015	CY225075_A_Georgia_06_2017	2017.2.15	0.01	0	0	10	7.108	7	7	57
EPI686117_A_Hong_Kong_15611_2015	CY227443_A_Vermont_08_2017	2017.3.2	1.002	1	1	3	7.052	7	7	11
EPI686117_A_Hong_Kong_15611_2015	CY227899_A_Delaware_19_2017	2017.3.21	0.012	0	0	8	11.176	11	11	45
EPI686117_A_Hong_Kong_15611_2015	CY228314_A_South_Dakota_11_2017	2017.2.13	1.026	1	1	11	13.252	13	13	87
EPI686117_A_Hong_Kong_15611_2015	CY228698_A_Wisconsin_39_2017	2017.3.19	0.038	0	0	10	9.262	9	9	90
EPI686117_A_Hong_Kong_15611_2015	CY228730_A_Arkansas_18_2017	2017.3.19	0.01	0	0	10	10.131	10	10	91
EPI686117_A_Hong_Kong_15611_2015	CY230042_A_Michigan_30_2017	2017.2.27	0.038	0	0	10	8.262	8	8	89
EPI686117_A_Hong_Kong_15611_2015	CY230282_A_Tennessee_21_2017	2017.2.20	0.01	0	0	10	8.14	8	8	88
EPI686117_A_Hong_Kong_15611_2015	CY230438_A_Delaware_19_2017	2017.3.21	0.042	0	0	10	11.316	11	11	88
EPI686117_A_Hong_Kong_15611_2015	CY230551_A_West_Virginia_09_2017	2017.2.13	2.022	2	2	12	21.189	21	21	69
EPI686117_A_Hong_Kong_15611_2015	CY230855_A_Oregon_14_2017	2017.2.28	1.018	1	1	9	24.2	24	24	72
EPI686117_A_Hong_Kong_15611_2015	CY232473_A_Florida_34_2017	2017.4.9	1.04	1	1	11	9.283	9	8	90
EPI686117_A_Hong_Kong_15611_2015	CY232567_A_North_Carolina_27_2017	2017.4.5	0.01	0	0	6	10.176	10	10	28
EPI686117_A_Hong_Kong_15611_2015	CY235613_A_Washington_40_2017	2017.4.17	1	1	1	1	11.052	11	11	15
EPI686117_A_Hong_Kong_15611_2015	CY235685_A_Nevada_12_2017	2017.4.25	0.002	0	0	2	7.05	7	7	11
EPI686117_A_Hong_Kong_15611_2015	CY242099_A_Florida_29_2017	2017.1.7	2.02	2	2	12	19.191	19	19	67
EPI686117_A_Hong_Kong_15611_2015	CY242347_A_Florida_50_2017	2017.7.26	2.024	2	2	12	20.195	20	20	68
EPI686117_A_Hong_Kong_15611_2015	CY243548_A_Alaska_30_2017	2017.6.18	1.04	1	1	11	11.26	11	11	92
EPI686117_A_Hong_Kong_15611_2015	CY243675_A_Alaska_46_2017	2017.7.31	0.022	0	0	10	11.176	11	11	96
EPI686117_A_Hong_Kong_15611_2015	CY244478_A_California_60_2017	2017.7.1	0.01	0	0	10	8.112	8	8	58
EPI686117_A_Hong_Kong_15611_2015	CY245203_A_Arizona_50_2017	2017.8.22	0.042	0	0	12	11.258	11	11	92
EPI686117_A_Hong_Kong_15611_2015	CY245459_A_Hawaii_45_2017	2017.8.22	0.014	0	0	10	15.14	15	15	97
EPI686117_A_Hong_Kong_15611_2015	CY250520_A_Arkansas_24_2017	2017.10.12	1.02	1	1	7	15.132	15	15	47
EPI686117_A_Hong_Kong_15611_2015	CY257914_A_Florida_73_2017	2017.10.15	1.002	1	1	3	13.044	13	13	17
EPI686117_A_Hong_Kong_15611_2015	CY257994_A_Massachusetts_16_2017	2017.10.12	0.04	0	0	10	8.288	8	8	58
EPI686117_A_Hong_Kong_15611_2015	CY258177_A_New_York_36_2017	2017.10.21	1.008	1	1	7	11.092	11	11	39
EPI686117_A_Hong_Kong_15611_2015	CY258305_A_Louisiana_57_2017	2017.10.28	1.012	1	1	11	14.102	14	14	64
EPI686117_A_Hong_Kong_15611_2015	CY260353_A_California_86_2017	2017.10.3	0.032	0	0	10	7.206	7	7	92
EPI686117_A_Hong_Kong_15611_2015	CY264374_A_New_Hampshire_27_2017	2017.11.21	0.04	0	0	10	14.26	14	14	95
EPI686117_A_Hong_Kong_15611_2015	CY264986_A_Pennsylvania_274_2017	2017.12.15	0.022	0	0	6	14.134	14	14	46
EPI686117_A_Hong_Kong_15611_2015	CY266079_A_Florida_87_2017	2017.10.25	0.042	0	0	12	12.26	12	12	93
EPI686117_A_Hong_Kong_15611_2015	KY949675_A_Linkou_0175_2016	2016.12.12	1.012	1	1	11	14.142	14	14	60
EPI686117_A_Hong_Kong_15611_2015	KY949682_A_Linkou_0191_2016	2016.12.30	1.002	1	1	3	15.088	15	13	17
EPI686117_A_Hong_Kong_15611_2015	KY949699_A_Linkou_0187_2016	2016.12.27	1.02	1	1	11	21.185	21	21	69
EPI686117_A_Hong_Kong_15611_2015	KY949700_A_Keelung_0082_2016	2016.11.30	0	0	0	0	7.03	7	7	11
EPI686117_A_Hong_Kong_15611_2015	KY949766_A_Taipei_0088_2016	2016.12.6	0.01	0	0	10	8.09	8	8	58
EPI686117_A_Hong_Kong_15611_2015	KY949786_A_Keelung_0097_2016	2016.12.20	0.01	0	0	10	7.092	7	7	57
EPI686117_A_Hong_Kong_15611_2015	KY949826_A_Taipei_0092_2016	2016.12.19	1.012	1	1	11	10.129	10	10	91
EPI686117_A_Hong_Kong_15611_2015	KY949862_A_Keelung_0089_2016	2016.12.8	2.016	2	2	10	12.167	12	12	60
EPI686117_A_Hong_Kong_15611_2015	KY949934_A_Keelung_0099_2016	2016.12.21	0.02	0	0	10	7.131	7	7	59
EPI686117_A_Hong_Kong_15611_2015	KY949967_A_Linkou_0169_2016	2016.12.2	0.01	0	0	10	8.09	8	8	58
EPI686117_A_Hong_Kong_15611_2015	KY950051_A_Linkou_0186_2016	2016.12.26	0.01	0	0	10	5.102	5	5	55
EPI686117_A_Hong_Kong_15611_2015	KY950096_A_Linkou_0181_2016	2016.12.21	1.012	1	1	11	14.177	14	14	95
EPI686117_A_Hong_Kong_15611_2015	KY950133_A_Keelung_0095_2016	2016.12.14	0.02	0	0	10	7.131	7	7	59
EPI686117_A_Hong_Kong_15611_2015	KY950211_A_Linkou_0185_2016	2016.12.24	0.01	0	0	10	11.235	11	11	86
EPI686117_A_Hong_Kong_15611_2015	MF736980_A_Vologda_CRIE_172_2016	2016.12.17	0.01	0	0	10	12.204	12	12	56
EPI686117_A_Hong_Kong_15611_2015	MF736996_A_Karachay_Cherkess_CRIE_301_2017	2017.2.28	0.002	0	0	2	11.178	11	9	15
EPI686117_A_Hong_Kong_15611_2015	MF783012_A_Rochester_U029_2017	2017.1.20	0.01	0	0	10	10.112	10	10	60
EPI686117_A_Hong_Kong_15611_2015	MG198917_A_Guangdong_SKLRD01_2017	2017.7.15	1.026	1	1	11	7.162	7	7	57
EPI686117_A_Hong_Kong_15611_2015	MG856322_A_Karachay_Cherkess_CRIE_296_2016	2016.12.11	0.026	0	0	10	12.304	12	12	86
EPI686117_A_Hong_Kong_15611_2015	MG974447_A_Kansas_14_2017	2017.12.14	0.01	0	0	10	12.144	12	12	94
EPI686117_A_Hong_Kong_15611_2015	MG984182_A_Shanghai_10_2017	2017.1.10	1.02	1	1	11	19.189	19	19	67
EPI686117_A_Hong_Kong_15611_2015	MG984190_A_Shanghai_11_2017	2017.1.11	1.02	1	1	11	20.186	20	20	68
EPI686117_A_Hong_Kong_15611_2015	MG984198_A_Shanghai_12_2017	2017.1.13	1.02	1	1	11	19.179	19	19	67
EPI686117_A_Hong_Kong_15611_2015	MG984222_A_Shanghai_15_2017	2017.1.22	2.02	2	2	12	18.187	18	18	66
EPI686117_A_Hong_Kong_15611_2015	MG984230_A_Shanghai_16_2017	2017.1.25	1.01	1	1	3	18.137	18	18	28
EPI686117_A_Hong_Kong_15611_2015	MG984238_A_Shanghai_17_2017	2017.1.25	2.02	2	2	12	21.191	21	21	69
EPI686117_A_Hong_Kong_15611_2015	MG984246_A_Shanghai_18_2017	2017.1.26	1.02	1	1	11	19.195	19	19	69
EPI686117_A_Hong_Kong_15611_2015	MG984254_A_Shanghai_19_2017	2017.1.31	1.02	1	1	11	20.185	20	20	70
EPI686117_A_Hong_Kong_15611_2015	MG984270_A_Shanghai_20_2017	2017.2.3	1.02	1	1	11	20.186	20	20	68
EPI686117_A_Hong_Kong_15611_2015	MG984278_A_Shanghai_21_2017	2017.2.6	2.02	2	2	12	21.197	21	21	71
EPI686117_A_Hong_Kong_15611_2015	MG984286_A_Shanghai_29_2017	2017.5.16	1.024	1	1	11	6.16	6	6	54
EPI686117_A_Hong_Kong_15611_2015	MG984302_A_Shanghai_30_2017	2017.6.23	0.046	0	0	12	10.232	10	10	62
EPI686117_A_Hong_Kong_15611_2015	MG984310_A_Shanghai_31_2017	2017.6.23	0.026	0	0	10	19.308	19	17	89
EPI686117_A_Hong_Kong_15611_2015	MG984318_A_Shanghai_32_2017	2017.7.19	1.04	1	1	11	6.237	6	6	56
EPI686117_A_Hong_Kong_15611_2015	MG984326_A_Shanghai_33_2017	2017.7.25	1.024	1	1	11	7.152	7	7	87
EPI686117_A_Hong_Kong_15611_2015	MG984342_A_Shanghai_35_2017	2017.7.31	0.044	0	0	10	10.261	10	10	91
EPI686117_A_Hong_Kong_15611_2015	MG984350_A_Shanghai_36_2017	2017.8.9	2.018	2	2	12	6.136	6	6	56
EPI686117_A_Hong_Kong_15611_2015	MG984358_A_Shanghai_37_2017	2017.8.9	1.046	1	1	11	7.227	7	7	57
EPI686117_A_Hong_Kong_15611_2015	MG984366_A_Shanghai_38_2017	2017.8.11	1.04	1	1	11	6.239	6	6	58
EPI686117_A_Hong_Kong_15611_2015	MG984390_A_Shanghai_40_2017	2017.8.19	1.018	1	1	11	6.134	6	6	56
EPI686117_A_Hong_Kong_15611_2015	MG984398_A_Shanghai_41_2017	2017.8.19	1.04	1	1	11	6.268	6	6	87
EPI686117_A_Hong_Kong_15611_2015	MG984414_A_Shanghai_43_2017	2017.8.21	0.044	0	0	10	10.261	10	10	91
EPI686117_A_Hong_Kong_15611_2015	MG984430_A_Shanghai_45_2017	2017.8.23	2.044	2	2	12	7.229	7	7	57
EPI686117_A_Hong_Kong_15611_2015	MG984438_A_Shanghai_46_2017	2017.8.29	1.008	1	1	7	6.084	6	6	34
EPI686117_A_Hong_Kong_15611_2015	MG984446_A_Shanghai_47_2017	2017.8.29	0.012	0	0	6	10.075	10	10	38
EPI686117_A_Hong_Kong_15611_2015	MG984462_A_Shanghai_49_2017	2017.9.5	1.046	1	1	13	7.229	7	7	59
EPI686117_A_Hong_Kong_15611_2015	MG984478_A_Shanghai_50_2017	2017.9.6	2.04	2	2	12	6.268	6	6	87
EPI686117_A_Hong_Kong_15611_2015	MG984486_A_Shanghai_51_2017	2017.9.8	1.046	1	1	13	10.232	10	10	62
EPI686117_A_Hong_Kong_15611_2015	MG984502_A_Shanghai_53_2017	2017.9.13	1.046	1	1	11	7.227	7	7	57
EPI686117_A_Hong_Kong_15611_2015	MG984518_A_Shanghai_7_2016	2016.12.30	1.02	1	1	11	18.179	18	18	66
EPI686117_A_Hong_Kong_15611_2015	MH637447_A_Linkou_0335_2017	2017.7.18	1.04	1	1	11	5.264	5	5	86
EPI686117_A_Hong_Kong_15611_2015	MH637456_A_Linkou_0266_2017	2017.3.16	3.042	3	3	13	5.237	5	5	55
EPI686117_A_Hong_Kong_15611_2015	MH637483_A_Baltimore_P0247_2018	2018.1.14	0.042	0	0	10	14.27	14	14	95
EPI686117_A_Hong_Kong_15611_2015	MH637488_A_Baltimore_P0279_2018	2018.2.2	0.02	0	0	10	12.153	12	12	64
EPI686117_A_Hong_Kong_15611_2015	MH637511_A_Baltimore_P0243_2018	2018.1.11	1.038	1	1	11	12.272	12	12	97
EPI686117_A_Hong_Kong_15611_2015	MH637528_A_Baltimore_P0241_2018	2018.1.10	0.006	0	0	6	13.084	13	13	43
EPI686117_A_Hong_Kong_15611_2015	MH637557_A_Keelung_0113_2017	2017.1.16	0.034	0	0	10	11.245	11	11	63
EPI686117_A_Hong_Kong_15611_2015	MH637565_A_Baltimore_P0255_2018	2018.1.20	0.04	0	0	10	12.247	12	12	62
EPI686117_A_Hong_Kong_15611_2015	MH637576_A_Linkou_0302_2017	2017.6.20	0.012	0	0	10	16.238	16	16	60
EPI686117_A_Hong_Kong_15611_2015	MH637596_A_Baltimore_P0304_2018	2018.2.13	0.042	0	0	10	15.273	15	15	96
EPI686117_A_Hong_Kong_15611_2015	MH637603_A_Baltimore_P0238_2018	2018.1.8	0.026	0	0	10	18.208	18	18	103
EPI686117_A_Hong_Kong_15611_2015	MH637648_A_Taipei_0122_2017	2017.2.2	1.02	1	1	11	19.181	19	19	67
EPI686117_A_Hong_Kong_15611_2015	MH637673_A_Baltimore_P0237_2018	2018.1.7	0.048	0	0	10	14.833	14	13	99
EPI686117_A_Hong_Kong_15611_2015	MH637679_A_Taipei_0123_2017	2017.2.3	1.012	1	1	11	15.16	15	15	61
EPI686117_A_Hong_Kong_15611_2015	MH637687_A_Baltimore_P0286_2018	2018.2.5	1.012	1	1	11	16.148	16	16	98
EPI686117_A_Hong_Kong_15611_2015	MH637707_A_Keelung_0161_2017	2017.4.7	1.04	1	1	11	6.233	6	6	58
EPI686117_A_Hong_Kong_15611_2015	MH637726_A_Baltimore_P0239_2018	2018.1.8	1.042	1	1	11	15.274	15	15	100
EPI686117_A_Hong_Kong_15611_2015	MH637730_A_Baltimore_P0283_2018	2018.2.4	1.01	1	1	11	12.112	12	12	62
EPI686117_A_Hong_Kong_15611_2015	MH637747_A_Baltimore_P0232_2018	2018.1.2	1.042	1	1	11	15.288	15	15	96
EPI686117_A_Hong_Kong_15611_2015	MH637752_A_Linkou_0206_2017	2017.1.17	0.01	0	0	10	6.136	6	6	86
EPI686117_A_Hong_Kong_15611_2015	MH637768_A_Baltimore_P0242_2018	2018.1.11	0.048	0	0	10	14.827	14	13	95
EPI686117_A_Hong_Kong_15611_2015	MH637783_A_Baltimore_P0244_2018	2018.1.11	0.02	0	0	6	12.15	12	12	44
EPI686117_A_Hong_Kong_15611_2015	MH637808_A_Baltimore_P0298_2018	2018.2.10	0.042	0	0	10	15.274	15	15	100
EPI686117_A_Hong_Kong_15611_2015	MH701747_A_New_Jersey_93924_2018	2018.2.20	0.012	0	0	10	14.114	14	14	64
EPI686117_A_Hong_Kong_15611_2015	MH701755_A_New_Jersey_93934_2018	2018.2.21	0.04	0	0	10	14.276	14	14	99
EPI686117_A_Hong_Kong_15611_2015	MK159064_A_Jeonbuk_736_2017	2017.7.17	2.022	2	2	12	25.207	25	25	73
EPI686117_A_Hong_Kong_15611_2015	MK159072_A_Gyeongbuk_745_2017	2017.9.4	3.02	3	3	13	20.195	20	20	70
EPI686117_A_Hong_Kong_15611_2015	MK640910_A_China_80241_2016	2016.12.6	2.016	2	2	10	13.167	13	13	61
EPI686117_A_Hong_Kong_15611_2015	MK640913_A_China_81105_2017	2017.1.4	2.028	2	2	12	22.194	22	22	69
EPI686117_A_Hong_Kong_15611_2015	MK640914_A_China_81129_2017	2017.1.5	2.01	2	2	4	19.135	19	19	24
EPI686117_A_Hong_Kong_15611_2015	MK640915_A_China_81891_2017	2017.2.1	1.018	1	1	11	13.193	13	13	77
EPI686117_A_Hong_Kong_15611_2015	MN154312_A_Washington_9752_2019	2019.3.15	1.018	1	1	11	16.182	16	16	98
EPI686117_A_Hong_Kong_15611_2015	MN170167_A_Washington_9147_2019	2019.3.10	1.012	1	1	11	16.126	16	16	64
EPI686117_A_Hong_Kong_15611_2015	MN170183_A_Washington_9149_2019	2019.3.11	1.012	1	1	11	16.128	16	16	66
EPI686117_A_Hong_Kong_15611_2015	MN170191_A_Washington_9150_2019	2019.3.11	1.012	1	1	11	16.126	16	16	64
EPI686117_A_Hong_Kong_15611_2015	MN170207_A_Washington_9153_2019	2019.3.14	1.012	1	1	11	16.128	16	16	64
EPI686117_A_Hong_Kong_15611_2015	MN170223_A_Washington_9155_2019	2019.3.14	1.012	1	1	11	16.126	16	16	64
EPI686117_A_Hong_Kong_15611_2015	MN304051_A_Basel_USB003343_1_2016	2016.12.27	0.01	0	0	10	6.108	6	6	60
EPI686117_A_Hong_Kong_15611_2015	MN304056_A_Basel_USB003348_1_2016	2016.12.30	0.01	0	0	10	8.096	8	8	58
EPI686117_A_Hong_Kong_15611_2015	MN304081_A_Basel_USB003378_1_2017	2017.1.13	0.042	0	0	10	8.256	8	8	93
EPI686117_A_Hong_Kong_15611_2015	MN304116_A_Basel_USB003451_1_2017	2017.2.2	0.012	0	0	10	9.197	9	9	59
EPI686117_A_Hong_Kong_15611_2015	MN304117_A_Basel_USB003452_1_2017	2017.2.2	1.02	1	1	11	19.197	19	19	67
EPI686117_A_Hong_Kong_15611_2015	MN304125_A_Basel_USB003503_1_2017	2017.2.5	1.028	1	1	11	6.098	6	6	64
EPI686117_A_Hong_Kong_15611_2015	MN304128_A_Basel_USB003507_1_2017	2017.2.6	0.01	0	0	10	9.138	9	9	89
EPI686117_A_Hong_Kong_15611_2015	MN304158_A_Basel_USB001568_1_2017	2017.1.2	0.01	0	0	10	12.237	12	12	87
EPI686117_A_Hong_Kong_15611_2015	MN304160_A_Basel_USB002230_1_2017	2017.1.2	1.01	1	1	11	7.096	7	7	57
EPI686117_A_Hong_Kong_15611_2015	MN304174_A_Basel_USB001581_1_2017	2017.1.3	1.02	1	1	11	19.197	19	19	67
EPI686117_A_Hong_Kong_15611_2015	MN304184_A_Basel_USB001592_1_2017	2017.1.4	0.01	0	0	10	12.216	12	12	56
EPI686117_A_Hong_Kong_15611_2015	MN304199_A_Basel_USB001639_1_2017	2017.1.4	0.026	0	0	10	7.396	7	7	87
EPI686117_A_Hong_Kong_15611_2015	MN304202_A_Basel_USB002304_1_2017	2017.1.4	0.026	0	0	10	12.308	12	12	86
EPI686117_A_Hong_Kong_15611_2015	MN304206_A_Basel_USB001584_1_2017	2017.1.4	0.04	0	0	10	9.309	9	9	59
EPI686117_A_Hong_Kong_15611_2015	MN304230_A_Basel_USB002323_1_2017	2017.1.6	1.012	1	1	11	6.098	6	6	56
EPI686117_A_Hong_Kong_15611_2015	MN304260_A_Basel_USB002443_1_2017	2017.1.7	2.02	2	2	12	20.195	20	20	68
EPI686117_A_Hong_Kong_15611_2015	MN304284_A_Basel_USB002561_1_2017	2017.1.9	0.026	0	0	10	12.282	12	12	62
EPI686117_A_Hong_Kong_15611_2015	MN304303_A_Basel_USB002594_1_2017	2017.1.10	1.024	1	1	13	9.263	9	9	89
EPI686117_A_Hong_Kong_15611_2015	MN304347_A_Basel_USB002671_1_2017	2017.1.13	0.01	0	0	10	12.212	12	12	58
EPI686117_A_Hong_Kong_15611_2015	MN304376_A_Basel_USB002722_1_2017	2017.1.17	1.04	1	1	11	9.349	9	9	90
EPI686117_A_Hong_Kong_15611_2015	MN304409_A_Basel_USB002775_1_2017	2017.1.22	1.01	1	1	3	20.143	20	20	25
EPI686117_A_Hong_Kong_15611_2015	MN304423_A_Basel_USB002825_1_2017	2017.1.23	0.02	0	0	10	8.175	8	7	88
EPI686117_A_Hong_Kong_15611_2015	MN304459_A_Basel_USB002891_1_2017	2017.1.29	1.02	1	1	11	20.197	20	20	68
EPI686117_A_Hong_Kong_15611_2015	MN304483_A_Basel_USB002922_1_2017	2017.2.1	0	0	0	0	12.164	12	10	16
EPI686117_A_Hong_Kong_15611_2015	MN304521_A_Basel_USB002995_1_2017	2017.2.5	0.038	0	0	10	7.268	7	7	88
EPI686117_A_Hong_Kong_15611_2015	MN304543_A_Basel_USB003034_1_2017	2017.2.7	0.01	0	0	10	9.138	9	9	89
EPI686117_A_Hong_Kong_15611_2015	MN304587_A_Basel_USB003307_1_2017	2017.2.25	0.002	0	0	2	8.137	8	8	12
EPI686117_A_Hong_Kong_15611_2015	MN304604_A_Basel_USB002047_1_2016	2016.12.10	0	0	0	0	7.032	7	7	11
EPI686117_A_Hong_Kong_15611_2015	MN304638_A_Basel_USB002088_1_2016	2016.12.24	1.02	1	1	9	21.173	21	21	69
EPI686117_A_Hong_Kong_15611_2015	MN304643_A_Basel_USB002097_1_2016	2016.12.25	0.01	0	0	10	12.243	12	12	87
EPI686117_A_Hong_Kong_15611_2015	MN304651_A_Basel_USB002098_1_2016	2016.12.25	1.022	1	1	11	21.175	21	21	69
EPI686117_A_Hong_Kong_15611_2015	MN304652_A_Basel_USB001532_1_2016	2016.12.26	0.026	0	0	10	12.304	12	12	86
EPI686117_A_Hong_Kong_15611_2015	MN304663_A_Basel_USB001539_1_2016	2016.12.27	1.02	1	1	11	20.177	20	20	68
EPI686117_A_Hong_Kong_15611_2015	MN304664_A_Basel_USB001538_1_2016	2016.12.27	2.014	2	2	12	6.086	6	6	56
EPI686117_A_Hong_Kong_15611_2015	MN304667_A_Basel_USB001537_1_2016	2016.12.27	1.012	1	1	3	21.119	21	21	26
EPI686117_A_Hong_Kong_15611_2015	MN304668_A_Basel_USB002128_1_2016	2016.12.27	2.006	2	2	4	7.078	7	7	17
EPI686117_A_Hong_Kong_15611_2015	MN304672_A_Basel_USB002199_1_2016	2016.12.27	2.002	2	2	4	6.038	6	6	18
EPI686117_A_Hong_Kong_15611_2015	MN304679_A_Basel_USB002138_1_2016	2016.12.28	0.012	0	0	10	8.098	8	8	60
EPI686117_A_Hong_Kong_15611_2015	MN304682_A_Basel_USB001546_1_2016	2016.12.29	0.04	0	0	10	10.248	10	10	91
EPI686117_A_Hong_Kong_15611_2015	MN304687_A_Basel_USB002180_1_2016	2016.12.29	0.026	0	0	10	13.298	13	13	87
EPI686117_A_Hong_Kong_15611_2015	MN304690_A_Basel_USB002178_1_2016	2016.12.29	0.014	0	0	10	10.122	10	10	90
EPI686117_A_Hong_Kong_15611_2015	MN304704_A_Basel_USB001552_1_2016	2016.12.31	2.038	2	2	12	5.264	5	5	86
EPI686117_A_Hong_Kong_15611_2015	MN304711_A_Basel_USB001562_1_2016	2016.12.31	0.01	0	0	10	6.131	6	6	87
