vaccineStrain	compareStrain	tipDate	mean_N	median_N	min_N	max_N	mean_S	median_S	min_S	max_S
MG974447_A_Kansas_14_2017	1618891_A_Pennsylvania_1020_2019	2019.10.12	2.009	2	2	4	28.43	28	28	34
MG974447_A_Kansas_14_2017	1640279_A_Cardiff_9474_2019	2019.12.9	0.042	0	0	6	35.702	35	34	117
MG974447_A_Kansas_14_2017	1641886_A_Idaho_40_2019	2019.11.16	2.014	2	2	4	34.902	36	32	92
MG974447_A_Kansas_14_2017	1651646_A_Virginia_42_2019	2019.12.9	2.008	2	2	4	31.334	32	29	40
MG974447_A_Kansas_14_2017	1661929_A_Mexico_2943_2019	2019.10.31	4.008	4	4	6	8.064	8	8	42
MG974447_A_Kansas_14_2017	1662160_A_Abudhabi_106_2019	2019.11.26	2.008	2	2	4	32.33	33	30	39
MG974447_A_Kansas_14_2017	1675773_A_Rheinland_Pfalz_5_2020	2020.1.7	0.03	0	0	2	34.654	34	33	98
MG974447_A_Kansas_14_2017	1683447_A_Wisconsin_03_2020	2020.1.9	1.022	1	1	3	34.476	35	33	93
MG974447_A_Kansas_14_2017	1692312_A_Louisiana_66_2019	2019.12.28	1.014	1	1	3	36.908	38	34	94
MG974447_A_Kansas_14_2017	1713851_A_Pennsylvania_15_2020	2020.2.20	2.018	2	2	8	30.74	30	30	111
MG974447_A_Kansas_14_2017	1738893_A_Minnesota_23_2020	2020.3.20	2.024	2	2	4	38.861	40	35	46
MG974447_A_Kansas_14_2017	1738933_A_Idaho_52_2019	2019.12.25	2.012	2	2	4	32.37	33	31	37
MG974447_A_Kansas_14_2017	1740471_A_Minnesota_12_2020	2020.2.12	1.018	1	1	5	35.495	35	31	94
MG974447_A_Kansas_14_2017	1748112_A_Alberta_RV5268_2020	2020.3.4	1.013	1	1	3	28.491	28	28	88
MG974447_A_Kansas_14_2017	1799200_A_Haiti_394_2019	2019.12.16	2.01	2	2	4	37.423	38	35	102
MG974447_A_Kansas_14_2017	1807805_A_Guangxi_Hengxian_3105_2019	2019.11.14	1.004	1	1	3	26.487	26	26	34
MG974447_A_Kansas_14_2017	1807829_A_Zhejiang_Dinghai_1817_2019	2019.10.8	2.004	2	2	4	25.493	25	25	33
MG974447_A_Kansas_14_2017	1839735_A_Laos_1752_2020	2020.9.26	2.008	2	2	4	37.344	38	35	44
MG974447_A_Kansas_14_2017	1841191_A_Yunnan_Wenshan_1592_2020	2020.7.21	1.004	1	1	3	28.522	28	28	36
MG974447_A_Kansas_14_2017	1841681_A_Cambodia_e0826360_2020	2020.7.16	2.014	2	2	8	36.422	37	34	113
MG974447_A_Kansas_14_2017	1847821_A_Kitakyusyu_1_2020	2020.8.1	3.014	3	3	7	33.446	34	31	100
MG974447_A_Kansas_14_2017	1847845_A_Saitama_92_2020	2020.4.3	2.012	2	2	4	35.738	36	33	94
MG974447_A_Kansas_14_2017	2761581_A_Hessen_26_2020	2020.1.27	1.016	1	1	3	35.516	35.5	31	91
MG974447_A_Kansas_14_2017	2761606_A_Schleswig_Holstein_9_2020	2020.2.10	0.032	0	0	2	34.652	34	33	94
1592032_A_Hong_Kong_2671_2019	1969592_A_Bangladesh_9019_2021	2021.9.20	3.008	3	3	5	30.107	31	27	35
1592032_A_Hong_Kong_2671_2019	1838078_A_California_55_2020	2020.10.12	3.006	3	3	5	26.211	25	23	103
1592032_A_Hong_Kong_2671_2019	1847925_A_Vietnam_Vnhcm_Gs483_2020	2020.10.9	3.012	3	3	11	27.203	26	24	164
1592032_A_Hong_Kong_2671_2019	1849665_A_AbuDhabi_01_2021	2021.1.1	3.01	3	3	5	29.247	29.5	26	106
1592032_A_Hong_Kong_2671_2019	1852226_A_Bangkok_62_2020	2020.11.11	5.018	5	5	13	27.305	26	24	164
1592032_A_Hong_Kong_2671_2019	1858651_A_Pennsylvania_01_2021	2021.3.19	3.01	3	3	5	31.213	31	28	108
1592032_A_Hong_Kong_2671_2019	1861076_A_Laos_580_2021	2021.2.21	3.006	3	3	5	29.157	28	26	104
1592032_A_Hong_Kong_2671_2019	1869531_A_Delaware_01_2021	2021.4.16	5.012	5	5	7	24.175	25	21	101
1592032_A_Hong_Kong_2671_2019	1885447_A_Abu_Dhabi_2210622842_2021	2021.3.3	3.022	3	3	9	30.414	30.5	27	124
1592032_A_Hong_Kong_2671_2019	1905714_A_India_PUN_NIV323256_2021	2021.6.21	4.022	4	4	10	32.426	32	29	128
1592032_A_Hong_Kong_2671_2019	1905786_A_India_PUN_NIV312063_2021	2021.5.9	4.01	4	4	6	28.093	28	25	31
1592032_A_Hong_Kong_2671_2019	1905802_A_Nepal_Npwr_05637_2021	2021.4.8	3.012	3	3	5	27.167	27	24	104
1592032_A_Hong_Kong_2671_2019	1916915_A_Oklahoma_01_2021	2021.7.6	4.009	4	4	6	18.144	18	18	22
1592032_A_Hong_Kong_2671_2019	1916923_A_Michigan_03_2021	2021.8.18	2.027	2	2	4	25.301	25	24	29
1592032_A_Hong_Kong_2671_2019	1919553_A_YANAO_08_01V_2021	2021.8.8	0	0	0	0	0	0	0	0
1592032_A_Hong_Kong_2671_2019	1921773_A_Thailand_12_2021	2021.6.24	3.006	3	3	5	26.152	25	23	103
1592032_A_Hong_Kong_2671_2019	1922800_A_Nepal_21FL2699_2021	2021.8.11	4.01	4	4	6	31.263	32	28	108
1592032_A_Hong_Kong_2671_2019	1924350_A_Philippines_6_2021	2021.7.5	3.026	3	3	9	28.695	28	28	106
1592032_A_Hong_Kong_2671_2019	1925236_A_Michigan_05_2021	2021.9.26	3.013	3	3	5	25.347	25	25	103
1592032_A_Hong_Kong_2671_2019	1926248_A_Saint_Petersburg_RII_2415S_2021	2021.1.2	4.01	4	4	6	31.117	32	28	34
1592032_A_Hong_Kong_2671_2019	1940321_A_New_York_03_2021	2021.9.16	6.01	6	6	8	30.07	30	27	33
1592032_A_Hong_Kong_2671_2019	1954438_A_Picardie_28479_2021	2021.9.17	4.012	4	4	6	28.241	29	25	105
1592032_A_Hong_Kong_2671_2019	1967900_A_Pakistan_ICT7_2021	2021.9.16	3.01	3	3	5	29.203	29	26	106
1592032_A_Hong_Kong_2671_2019	EPI2415906_A_Darwin_9_2021	2021.4.17	5.008	5	5	7	27.113	27	24	52
1841681_A_Cambodia_e0826360_2020	19194107_A_Thailand_8_2022	2022.7.11	0.027	0	0	10	17.54	17	16	139
1841681_A_Cambodia_e0826360_2020	1941020_A_Florida_04_2021	2021.10.28	3.024	3	3	14	15.501	15	14	150
1841681_A_Cambodia_e0826360_2020	1952515_A_Pennsylvania_06_2021	2021.11.21	3.032	3	3	13	16.616	16	15	138
1841681_A_Cambodia_e0826360_2020	1958506_A_Khakassia_155_06V_2021	2021.11.30	1.032	1	1	11	15.66	15	14	137
1841681_A_Cambodia_e0826360_2020	1960344_A_Montana_10_2021	2021.11.29	3.024	3	3	14	16.501	16	15	151
1841681_A_Cambodia_e0826360_2020	1964326_A_California_46_2021	2021.12.19	4.027	4	4	14	15.54	15	14	137
1841681_A_Cambodia_e0826360_2020	1983154_A_Montana_02_2022	2022.1.6	3.029	3	3	13	15.548	15	14	137
1841681_A_Cambodia_e0826360_2020	1992288_A_Wyoming_09_2021	2021.12.2	3.024	3	3	14	16.501	16	15	151
1841681_A_Cambodia_e0826360_2020	2004157_A_North_Dakota_03_2022	2022.2.9	3.023	3	3	13	17.464	17	16	139
1841681_A_Cambodia_e0826360_2020	2007488_A_New_Mexico_07_2022	2022.2.14	4.034	4	4	14	16.634	16	15	138
1841681_A_Cambodia_e0826360_2020	2019560_A_Novosibirsk_RII_MH60652S_2022	2022.1.10	1.049	1	1	15	17.894	17	16	187
1841681_A_Cambodia_e0826360_2020	2042591_A_Picardie_21593_2022	2022.3.21	1.037	1	1	11	14.66	14	13	136
1841681_A_Cambodia_e0826360_2020	2042752_A_Lorraine_23758_2022	2022.3.26	1.049	1	1	15	15.82	15	14	185
1841681_A_Cambodia_e0826360_2020	2042994_A_Lorraine_28541_2022	2022.4.9	1.034	1	1	11	16.626	16	15	138
1841681_A_Cambodia_e0826360_2020	2043548_A_Berlin_23_2022	2022.3.17	1.027	1	1	11	16.536	16	15	138
1841681_A_Cambodia_e0826360_2020	2046104_A_Krasnodar_Krai_183_10V_2021	2021.12.17	1.032	1	1	11	17.63	17	16	139
1841681_A_Cambodia_e0826360_2020	2063583_A_Idaho_25_2022	2022.5.1	2.025	2	2	12	15.442	15	14	137
1841681_A_Cambodia_e0826360_2020	2077428_A_Berlin_61_2022	2022.4.25	4.029	4	4	10	40.224	40	36	133
1841681_A_Cambodia_e0826360_2020	2127871_A_Michigan_35_2022	2022.5.18	4.025	4	4	10	44.247	44	42	137
1841681_A_Cambodia_e0826360_2020	2136215_A_Abu_Dhabi_1812537_2022	2022.6.30	4.027	4	4	10	43.261	43	39	136
1841681_A_Cambodia_e0826360_2020	2176957_A_Florida_70_2022	2022.8.8	4.023	4	4	10	45.15	45	41	140
1841681_A_Cambodia_e0826360_2020	2194875_A_Maldives_875_2022	2022.9.9	3.027	3	3	9	38.203	38	36	135
1841681_A_Cambodia_e0826360_2020	2233523_A_Ayutthaya_NIC_P2289_2022	2022.7.18	1.029	1	1	11	14.558	14	13	136
1841681_A_Cambodia_e0826360_2020	2325220_A_Finland_298_2022	2022.9.4	3.029	3	3	13	37.152	37	35	183
1841681_A_Cambodia_e0826360_2020	2500106_A_ABUDHABI_UAE_1112067_2022	2022.4.25	3.027	3	3	9	33.185	33	31	130
1841681_A_Cambodia_e0826360_2020	2503987_A_British_Columbia_124_2022	2022.6.19	2.036	2	2	12	19.654	19	18	141
EPI2415906_A_Darwin_9_2021	19296516_A_Croatia_10136RV_2023	2023.12.4	2.019	2	2	8	16.711	15	15	125
EPI2415906_A_Darwin_9_2021	19377008_A_Arica_52920_2024	2024.7.1	3.026	3	3	9	22.842	21	21	131
EPI2415906_A_Darwin_9_2021	19355069_A_Chiang_Rai_1932_2024	2024.3.27	2.027	2	2	16	19.001	18	16	193
EPI2415906_A_Darwin_9_2021	19378437_A_Denmark_2208_2024	2024.6.29	3.036	3	3	13	19.827	18	18	148
EPI2415906_A_Darwin_9_2021	19522825_A_Denmark_2281_2024	2024.8.26	2.031	2	2	16	22.319	21	19	196
EPI2415906_A_Darwin_9_2021	19455563_A_England_2481021_2024	2024.6.4	3.036	3	3	17	20.421	19	17	194
EPI2415906_A_Darwin_9_2021	19539069_A_Ghana_1122_2024	2024.7.24	4.037	4	4	18	20.864	19	18	199
EPI2415906_A_Darwin_9_2021	19298604_A_Ghana_3370_2024	2024.6.6	2.023	2	2	8	19.731	18	18	128
EPI2415906_A_Darwin_9_2021	19377137_A_Guyana_10084_2024	2024.5.28	3.019	3	3	9	19.936	19	17	127
EPI2415906_A_Darwin_9_2021	19274403_A_Hungary_264_2024	2024.3.26	2.036	2	2	16	19.113	18	16	193
EPI2415906_A_Darwin_9_2021	19355364_A_Kenya_139_2024	2024.5.23	2.035	2	2	16	22.89	21	21	201
EPI2415906_A_Darwin_9_2021	19388144_A_Saudi_Arabia_PHL_FS8301_2024	2024.7.6	2.033	2	2	16	19.847	18	18	198
EPI2415906_A_Darwin_9_2021	19052814_A_Serbia_514284_2024	2024.3.8	2.036	2	2	16	17.105	16	14	191
EPI2415906_A_Darwin_9_2021	19539108_A_Wellington_85_2024	2024.8.14	2.041	2	2	13	18.861	17	17	161
EPI2415906_A_Darwin_9_2021	19208620_A_Wisconsin_80_2024	2024.5.25	3.026	3	3	9	21.896	20	20	130
EPI2415906_A_Darwin_9_2021	19642627_A_Jeju_4080_2024	2024.9.23	4.026	4	4	12	19.792	18	18	126
EPI2415906_A_Darwin_9_2021	19632815_A_Jeonbuk_3813_2024	2024.3.11	3.022	3	3	11	19.954	19	17	127
EPI2415906_A_Darwin_9_2021	19632822_A_Seoul_3837_2024	2024.3.18	3.025	3	3	9	24.275	23	21	131
EPI2415906_A_Darwin_9_2021	2385451_A_Oman_8557_2022	2022.12.4	2.018	2	2	10	19.626	18	18	128
EPI2415906_A_Darwin_9_2021	2467517_A_HaidianCDC_12962_2023	2023.3.2	15.226	15	13	29	16.95	15	14	192
EPI2415906_A_Darwin_9_2021	2689682_A_Costa_Rica_8476_2023	2023.6.26	2.036	2	2	16	13.881	12	12	189
EPI2415906_A_Darwin_9_2021	2716167_A_Kentucky_06_2023	2023.7.18	2.022	2	2	16	18.689	17	17	197
EPI2415906_A_Darwin_9_2021	2716351_A_Guatemala_378_2023	2023.4.22	7.021	7	7	9	42.134	42	38	68
EPI2415906_A_Darwin_9_2021	2732731_A_Bangladesh_9003_2023	2023.5.8	2.028	2	2	10	16.826	15	15	125
EPI2415906_A_Darwin_9_2021	2736750_A_Finland_407_2023	2023.8.11	3.041	3	3	17	15.912	14	14	194
EPI2415906_A_Darwin_9_2021	2758811_A_Catalonia_NSVH102158148_2023	2023.9.6	2.006	2	2	6	18.504	17	17	79
EPI2415906_A_Darwin_9_2021	EPI2800450_A_Phra_Nakhon_Si_Ayutthaya_P4330_2023	2023.10.2	2.027	2	2	16	16.788	15	15	192
EPI2415906_A_Darwin_9_2021	EPI2817864_A_Nakhon_Phanom_P4970_2023	2023.11.3	2.021	2	2	10	16.682	15	15	123
EPI2415906_A_Darwin_9_2021	EPI2819091_A_Nebraska_13_2023	2023.11.15	2.035	2	2	16	18.849	17	17	197
EPI2415906_A_Darwin_9_2021	EPI2845383_A_Saint_Petersburg_RII_169_2023	2023.10.31	2.033	2	2	16	15.861	14	14	194
EPI2415906_A_Darwin_9_2021	EPI2901414_A_California_118_2023	2023.11.29	2.018	2	2	16	16.619	15	15	192
EPI2415906_A_Darwin_9_2021	EPI2926182_A_Hong_Kong_3084_2023	2023.12.1	2.006	2	2	6	18.498	17	17	79
EPI2415906_A_Darwin_9_2021	EPI2970652_A_Saratov_RII_3_2023	2023.12.22	2.027	2	2	12	18.769	17	17	148
EPI2415906_A_Darwin_9_2021	EPI3055327_A_New_Hampshire_02_2024	2024.1.4	4.008	4	4	10	19.644	18	18	128
EPI2415906_A_Darwin_9_2021	EPI3089330_A_Penarth_6936_2024	2024.1.22	2.006	2	2	6	18.521	17	17	79
EPI2415906_A_Darwin_9_2021	EPI3095110_A_Samara_22_2023	2023.12.22	3.033	3	3	17	18.839	17	17	197
EPI2415906_A_Darwin_9_2021	EPI3133740_A_Idaho_21_2024	2024.2.9	2.016	2	2	16	16.623	15	15	192
EPI2415906_A_Darwin_9_2021	EPI3134187_A_Florida_06_2024	2024.1.8	3.006	3	3	7	20.59	19	19	81
EPI2415906_A_Darwin_9_2021	EPI3186602_A_Nevada_104_2024	2024.3.1	2.041	2	2	13	18.936	17	17	163
EPI2415906_A_Darwin_9_2021	EPI3186714_A_Washington_22_2024	2024.2.4	2.021	2	2	8	20.725	19	19	129
EPI2415906_A_Darwin_9_2021	2206316_A_Rogerstone_2168_2022	2022.10.10	5.021	5	5	7	36.03	36	34	64
EPI2415906_A_Darwin_9_2021	2208308_A_Lourdes_53101_2022	2022.10.8	6.021	6	6	8	45.227	45	43	117
EPI2415906_A_Darwin_9_2021	2252381_A_Maine_07_2022	2022.10.27	6.021	6	6	8	46.102	46	42	72
EPI2415906_A_Darwin_9_2021	2253452_A_Kansas_25_2022	2022.10.19	6.033	6	6	16	37.204	37	35	183
EPI2415906_A_Darwin_9_2021	2254250_A_Centre_56613_2022	2022.11.23	3.023	3	3	9	15.37	15	13	123
EPI2415906_A_Darwin_9_2021	2257357_A_Austria_MUW1572306_2022	2022.11.30	7.027	7	7	11	48.166	48	44	120
EPI2415906_A_Darwin_9_2021	2283189_A_Denmark_3146_2022	2022.11.10	3.023	3	3	9	13.368	13	11	121
EPI2415906_A_Darwin_9_2021	2367511_A_Connecticut_04_2023	2023.1.4	8.025	8	8	14	46.317	46	42	123
EPI2415906_A_Darwin_9_2021	2424342_A_Baden_Wuerttemberg_144_2022	2022.12.1	7.031	7	7	17	45.234	45	41	187
EPI2415906_A_Darwin_9_2021	2424895_A_Sachsen_Anhalt_3_2023	2023.1.1	8.153	8	8	18	44.333	44	38	186
EPI2415906_A_Darwin_9_2021	2441868_A_Minnesota_08_2023	2023.1.11	6.027	6	6	8	49.231	49	47	121
EPI2415906_A_Darwin_9_2021	2498550_A_California_32_2023	2023.1.5	7.021	7	7	9	46.112	46	40	70
EPI2415906_A_Darwin_9_2021	2498622_A_Kansas_01_2023	2023.2.26	4.037	4	4	18	12.504	12	10	190
EPI2415906_A_Darwin_9_2021	2534759_A_Minnesota_18_2023	2023.2.22	7.025	7	7	9	48.124	48	42	72
EPI2415906_A_Darwin_9_2021	2539626_A_Nordrhein_Westfalen_128_2022	2022.12.20	3.018	3	3	11	19.249	19	17	127
EPI2415906_A_Darwin_9_2021	2571528_A_Bhutan_001_2022	2022.11.21	3.03	3	3	11	22.875	21	21	131
EPI2415906_A_Darwin_9_2021	2587133_A_Berlin_265_2022	2022.12.19	3.028	3	3	11	14.398	14	12	120
EPI2415906_A_Darwin_9_2021	2599401_A_Lebanon_2787_2023	2023.3.28	6.021	6	6	8	46.143	46	42	72
19194107_A_Thailand_8_2022	19628172_A_Colorado_228_2024	2024.11.10	2.034	2	2	14	17.578	17	17	190
19194107_A_Thailand_8_2022	19826182_A_South_Africa_R01135_2025	2025.1.28	1.022	1	1	7	18.456	18	18	134
19194107_A_Thailand_8_2022	19822399_A_Incheon_694_2025	2025.2.18	1.036	1	1	13	18.488	18	18	194
19194107_A_Thailand_8_2022	19794607_A_Jeonnam_359_2025	2025.1.13	1.034	1	1	7	15.492	15	15	131
19194107_A_Thailand_8_2022	20080759_A_Vietnam_5034_2025	2025.2.15	0.022	0	0	6	21	21	19	137
19194107_A_Thailand_8_2022	19884376_A_Canarias_1589_2025	2025.1.1	1.028	1	1	7	23.452	23	23	139
19194107_A_Thailand_8_2022	19800540_A_Denmark_860_2025	2025.2.3	2.044	2	2	14	22.585	22	22	195
19194107_A_Thailand_8_2022	19682309_A_Netherlands_10048_2025	2025.1.2	0.034	0	0	10	23.464	23	23	159
19194107_A_Thailand_8_2022	19874950_A_Denmark_2460_2025	2025.3.24	0.036	0	0	12	22.492	22	22	195
19194107_A_Thailand_8_2022	20073250_A_Ontario_1098_2025	2025.4.1	0.04	0	0	6	19.402	19	19	135
19194107_A_Thailand_8_2022	19897514_A_South_Africa_PATH-CERI-C068465_2025	2025.5.3	2.024	2	2	12	17.3	17	17	153
19194107_A_Thailand_8_2022	20261922_A_South_Africa_8325_2025	2025.8.28	0.02	0	0	6	18.368	18	18	134
19296516_A_Croatia_10136RV_2023	20284405_A_Bahrain_1648_2025	2025.10.19	0.018	0	0	10	8.32	8	8	160
19296516_A_Croatia_10136RV_2023	20284485_A_Bahrain_2180_2025	2025.10.23	0.026	0	0	6	10.693	10	10	142
19296516_A_Croatia_10136RV_2023	20284519_A_Catalonia_NSVH102734071_2025	2025.11.28	1.032	1	1	13	9.753	9	9	198
19296516_A_Croatia_10136RV_2023	20269338_A_Denmark_3567_2025	2025.11.10	0.032	0	0	12	8.747	8	8	197
19296516_A_Croatia_10136RV_2023	20269279_A_Denmark_3542_2025	2025.11.7	1.026	1	1	11	8.419	8	8	159
19296516_A_Croatia_10136RV_2023	20221173_A_Cardiff_0040_2025	2025.10.2	0.002	0	0	2	9.036	9	9	11
19296516_A_Croatia_10136RV_2023	20275639_A_Colorado_ISC-1470_2025	2025.10.28	0.024	0	0	6	8.606	8	8	140
19296516_A_Croatia_10136RV_2023	20275637_A_Colorado_ISC-1507_2025	2025.11.14	1.032	1	1	13	7.741	7	7	196
19296516_A_Croatia_10136RV_2023	20275348_A_Florida_32_2025	2025.10.29	1.024	1	1	7	9.612	9	9	141
19296516_A_Croatia_10136RV_2023	20275683_A_New_York_NIRC-IS-1504_2025	2025.11.13	0.034	0	0	12	10.753	10	10	199
19296516_A_Croatia_10136RV_2023	20262326_A_Colorado_ISC-1494_2025	2025.11.11	2.024	2	2	14	8.378	8	8	200
19296516_A_Croatia_10136RV_2023	20261837_A_Alaska_82_2025	2025.10.20	1.038	1	1	11	10.604	10	10	161
19296516_A_Croatia_10136RV_2023	20278399_A_Catalonia_NSVH171794172_2025	2025.12.3	1.024	1	1	13	7.378	7	7	199
19296516_A_Croatia_10136RV_2023	20261953_A_Wisconsin_152_2025	2025.11.3	0.012	0	0	4	9.296	9	9	104
19296516_A_Croatia_10136RV_2023	20262725_A_Catalonia_NSVH161522720_2025	2025.11.19	0.038	0	0	12	10.811	10	10	202
19296516_A_Croatia_10136RV_2023	20261957_A_Minnesota_109_2025	2025.10.25	0.026	0	0	6	8.687	8	8	140
19296516_A_Croatia_10136RV_2023	20279652_A_Lisboa_706_2025	2025.11.2	1.018	1	1	7	7.402	7	7	139
19296516_A_Croatia_10136RV_2023	20280416_A_Severomorsk_RII-MH264749S_2025	2025.11.18	0.028	0	0	6	11.62	11	10	143
19296516_A_Croatia_10136RV_2023	20280435_A_Saint-Petersburg_RII-MH264958S_2025	2025.11.26	2.028	2	2	8	13.703	13	13	145
19296516_A_Croatia_10136RV_2023	20280566_A_Saint-Petersburg_RII-25-0699S_2025	2025.11.17	0.016	0	0	4	11.311	11	11	107
19296516_A_Croatia_10136RV_2023	20281628_A_Saskatchewan_SKFLU469190_2025	2025.11.20	1.024	1	1	7	8.612	8	8	140
EPI103320_A_Moscow_10_1999	CY000024_A_New_York_30_2003	2003.12.2	4.022	4	4	6	37.625	37	35	45
EPI103320_A_Moscow_10_1999	CY000040_A_New_York_33_2004	2004.1.9	3.032	3	3	13	34.704	34	29	95
EPI103320_A_Moscow_10_1999	CY000056_A_New_York_35_2003	2003.12.4	4.022	4	4	6	36.642	36	32	44
EPI103320_A_Moscow_10_1999	CY000104_A_New_York_54_2003	2003.12.10	3.022	3	3	5	33.642	33	29	41
EPI103320_A_Moscow_10_1999	CY000144_A_New_York_26_2003	2003.12.2	4.022	4	4	6	34.628	34	30	42
EPI103320_A_Moscow_10_1999	CY000216_A_New_York_91_2002	2002.1.17	3.016	3	3	5	27.417	27	27	33
EPI103320_A_Moscow_10_1999	CY000272_A_New_York_53_2003	2003.12.11	4.024	4	4	6	35.626	35	31	43
EPI103320_A_Moscow_10_1999	CY000352_A_New_York_15_2003	2003.11.12	3.022	3	3	5	36.622	36	32	44
EPI103320_A_Moscow_10_1999	CY000512_A_New_York_4_2003	2003.12.8	3.022	3	3	5	35.617	35	31	43
EPI103320_A_Moscow_10_1999	CY000552_A_New_York_115_2002	2002.2.7	3.016	3	3	5	25.42	25	25	31
EPI103320_A_Moscow_10_1999	CY000768_A_New_York_10_2004	2004.1.30	5.024	5	5	7	33.81	33	29	41
EPI103320_A_Moscow_10_1999	CY000872_A_New_York_193_2003	2003.2.19	5.032	5	5	11	26.655	26	26	40
EPI103320_A_Moscow_10_1999	CY000908_A_New_York_13_2003	2003.11.12	3.022	3	3	5	33.64	33	29	41
EPI103320_A_Moscow_10_1999	CY001036_A_New_York_6_2004	2004.1.6	4.022	4	4	6	32.814	32	28	40
EPI103320_A_Moscow_10_1999	CY001095_A_New_York_24_2003	2003.12.1	4.026	4	4	6	34.634	34	30	42
EPI103320_A_Moscow_10_1999	CY001196_A_New_York_18_2003	2003.12.1	4.022	4	4	6	35.638	35	31	43
EPI103320_A_Moscow_10_1999	CY001300_A_New_York_37_2003	2003.12.4	3.022	3	3	5	34.64	34	30	42
EPI103320_A_Moscow_10_1999	CY001559_A_New_York_215_2003	2003.4.22	3.024	3	3	5	35.804	35	33	43
EPI103320_A_Moscow_10_1999	CY002335_A_New_York_77_2001	2001.12.26	3.014	3	3	5	26.402	26	26	32
EPI103320_A_Moscow_10_1999	CY002351_A_New_York_272_2003	2003.11.28	3.022	3	3	5	34.64	34	30	42
EPI103320_A_Moscow_10_1999	CY003287_A_New_York_438_2000	2000.1.18	1.006	1	1	7	6.076	6	6	42
EPI103320_A_Moscow_10_1999	CY006386_A_New_York_467_2004	2004.9.17	4.012	4	4	10	22.697	22	22	56
EPI103320_A_Moscow_10_1999	CY009267_A_New_York_499_2004	2004.1.15	3.022	3	3	5	33.81	33	29	41
EPI103320_A_Moscow_10_1999	CY013812_A_New_York_C4_2002	2002.2.1	3.014	3	3	5	27.418	27	27	33
EPI103320_A_Moscow_10_1999	CY032968_A_Yucatan_844_2003	2003.3.19	2.014	2	2	8	18.382	18	18	58
EPI103320_A_Moscow_10_1999	CY038574_A_Hong_Kong_HKU2_2004	2004.2.13	3.022	3	3	5	36.644	36	32	44
EPI103320_A_Moscow_10_1999	CY038614_A_Hong_Kong_HKU19_2004	2004.6.1	4.014	4	4	10	25.403	25	25	65
EPI103320_A_Moscow_10_1999	CY038622_A_Hong_Kong_HKU20_2004	2004.6.15	4.014	4	4	10	28.407	28	28	72
EPI103320_A_Moscow_10_1999	CY038638_A_Hong_Kong_HKU29_2004	2004.7.21	4.02	4	4	10	30.412	30	29	70
EPI103320_A_Moscow_10_1999	CY038646_A_Hong_Kong_HKU31_2004	2004.7.30	4.014	4	4	10	26.408	26	26	64
EPI103320_A_Moscow_10_1999	CY038654_A_Hong_Kong_HKU34_2004	2004.8.18	4.014	4	4	10	27.403	27	27	67
EPI103320_A_Moscow_10_1999	CY038950_A_Hong_Kong_HKU4_2004	2004.3.1	4.016	4	4	10	25.485	25	24	75
EPI103320_A_Moscow_10_1999	CY038958_A_Hong_Kong_HKU6_2004	2004.3.6	3.018	3	3	9	20.88	21	19	55
EPI103320_A_Moscow_10_1999	CY038990_A_Hong_Kong_HKU14_2004	2004.4.16	3.018	3	3	9	20.744	20	20	54
EPI103320_A_Moscow_10_1999	CY038998_A_Hong_Kong_HKU15_2004	2004.4.23	3.012	3	3	9	22.723	22	22	58
EPI103320_A_Moscow_10_1999	CY039014_A_Hong_Kong_HKU21_2004	2004.6.19	4.014	4	4	10	28.409	28	28	68
EPI103320_A_Moscow_10_1999	CY039030_A_Hong_Kong_HKU25_2004	2004.7.7	4.014	4	4	10	25.403	25	25	65
EPI103320_A_Moscow_10_1999	CY039038_A_Hong_Kong_HKU30_2004	2004.7.22	4.014	4	4	10	29.409	29	29	67
EPI103320_A_Moscow_10_1999	CY039166_A_Hong_Kong_HKU5_2004	2004.3.4	3.022	3	3	5	31.874	31	27	41
EPI103320_A_Moscow_10_1999	CY039174_A_Hong_Kong_HKU24_2004	2004.7.5	4.012	4	4	10	21.719	21	21	57
EPI103320_A_Moscow_10_1999	CY039494_A_Hong_Kong_HKU1_2004	2004.2.10	2.018	2	2	8	23.724	23	23	61
EPI103320_A_Moscow_10_1999	CY039502_A_Hong_Kong_HKU32_2004	2004.8.2	8.014	8	8	14	26.413	26	26	66
EPI103320_A_Moscow_10_1999	CY040321_A_Hong_Kong_HKU38_2004	2004.9.23	5.016	5	5	11	27.437	27	27	87
EPI103320_A_Moscow_10_1999	CY043751_A_Hong_Kong_HKU28_2004	2004.7.17	4.02	4	4	10	30.412	30	29	70
EPI103320_A_Moscow_10_1999	CY088027_A_England_425_2003	2003.10.29	3.024	3	3	5	35.637	35	31	43
EPI103320_A_Moscow_10_1999	CY088035_A_England_438_2003	2003.11.12	3.02	3	3	5	32.531	32	32	38
EPI103320_A_Moscow_10_1999	CY088115_A_England_467_2003	2003.11.6	3.022	3	3	5	36.619	36	32	44
EPI103320_A_Moscow_10_1999	CY088131_A_Scotland_78_2003	2003.11.7	4.066	4	4	10	34.761	34	34	50
EPI103320_A_Moscow_10_1999	CY088139_A_Scotland_79_2003	2003.11.8	4.02	4	4	6	31.533	31	31	37
EPI103320_A_Moscow_10_1999	CY088187_A_England_944_2003	2003.11.17	3.024	3	3	5	35.637	35	31	43
EPI103320_A_Moscow_10_1999	CY088251_A_England_525_2003	2003.11.27	3.022	3	3	5	37.623	37	33	45
EPI103320_A_Moscow_10_1999	CY088267_A_England_585_2003	2003.11.25	3.022	3	3	5	33.648	33	31	41
EPI103320_A_Moscow_10_1999	CY088275_A_England_487_2003	2003.11.24	3.024	3	3	5	36.639	36	32	44
EPI103320_A_Moscow_10_1999	CY088291_A_England_491_2003	2003.11.24	3.024	3	3	5	37.645	37	35	45
EPI103320_A_Moscow_10_1999	CY088323_A_England_508_2003	2003.11.27	5.022	5	5	7	33.632	33	29	41
EPI103320_A_Moscow_10_1999	CY088339_A_England_957_2003	2003.11.28	3.024	3	3	5	39.638	39	37	47
EPI103320_A_Moscow_10_1999	CY088363_A_England_558_2003	2003.12.5	3.012	3	3	9	21.7	21	21	57
EPI103320_A_Moscow_10_1999	CY088379_A_England_532_2003	2003.11.27	3.024	3	3	5	40.629	40	38	48
EPI103320_A_Moscow_10_1999	CY088387_A_England_522_2003	2003.12.12	3.022	3	3	5	36.621	36	32	44
EPI103320_A_Moscow_10_1999	CY088403_A_England_547_2003	2003.12.18	3.022	3	3	5	34.533	34	34	40
EPI103320_A_Moscow_10_1999	CY090956_A_South_Carolina_NHRC0002_2003	2003.11.13	4.022	4	4	6	34.638	34	30	42
EPI103320_A_Moscow_10_1999	CY091124_A_Missouri_NHRC0002_2004	2004.1.9	3.026	3	3	5	32.626	32	28	40
EPI103320_A_Moscow_10_1999	CY091468_A_California_NHRC0006_2003	2003.12.10	4.022	4	4	6	35.629	35	31	43
EPI103320_A_Moscow_10_1999	CY092216_A_Georgia_NHRC0001_2003	2003.12.5	3.022	3	3	5	33.638	33	29	41
EPI103320_A_Moscow_10_1999	CY107095_A_England_470_2003	2003.11.5	3.022	3	3	5	35.621	35	33	43
EPI103320_A_Moscow_10_1999	CY107111_A_England_516_2003	2003.11.20	3.02	3	3	5	33.533	33	33	39
EPI103320_A_Moscow_10_1999	CY107151_A_England_493_2003	2003.11.23	3.022	3	3	5	37.623	37	33	45
EPI103320_A_Moscow_10_1999	CY107167_A_England_532_2003	2003.11.27	3.024	3	3	5	41.055	41	35	49
EPI103320_A_Moscow_10_1999	CY112948_A_Netherlands_1_2002	2002.1.7	4.016	4	4	6	23.478	23	22	31
EPI103320_A_Moscow_10_1999	CY114324_A_Netherlands_3_2000	2000.1.6	1.016	1	1	7	12.124	12	12	48
EPI103320_A_Moscow_10_1999	CY114340_A_Netherlands_126_2001	2001.3.21	2.012	2	2	4	16.391	16	16	24
EPI103320_A_Moscow_10_1999	EPI358781_A_Fujian_411_2002	2002.7.1	2.014	2	2	8	19.365	19	19	59
EPI103320_A_Moscow_10_1999	EPI367109_A_California_7_2004	2004.9.16	2.016	2	2	8	21.692	21	21	55
EPI103320_A_Moscow_10_1999	KJ855376_A_Mexico_DIF835_2003	2003.7.4	3.014	3	3	9	21.4	21	21	65
EPI103320_A_Moscow_10_1999	KJ855448_A_Mexico_DIF2662_2003	2003.12.15	3.022	3	3	5	32.622	32	28	40
EPI358781_A_Fujian_411_2002	CY002007_A_New_York_359_2005	2005.1.17	1.006	1	1	3	16.225	16	16	21
EPI358781_A_Fujian_411_2002	CY002015_A_New_York_361_2005	2005.2.2	1.006	1	1	3	17.127	17	17	22
EPI358781_A_Fujian_411_2002	CY002079_A_New_York_396_2005	2005.3.4	1.008	1	1	3	17.087	17	17	22
EPI358781_A_Fujian_411_2002	CY002199_A_New_York_366_2004	2004.12.20	2.006	2	2	4	16.059	16	16	21
EPI358781_A_Fujian_411_2002	CY002231_A_New_York_372_2004	2004.12.22	2.006	2	2	4	13.057	13	13	18
EPI358781_A_Fujian_411_2002	CY002255_A_New_York_381_2004	2004.12.28	1.006	1	1	3	16.061	16	16	21
EPI358781_A_Fujian_411_2002	CY002263_A_New_York_383_2004	2004.12.29	1.008	1	1	3	16.059	16	16	21
EPI358781_A_Fujian_411_2002	CY002447_A_New_York_365_2004	2004.12.16	3.008	3	3	5	16.073	16	16	21
EPI358781_A_Fujian_411_2002	CY002463_A_New_York_373_2005	2005.2.22	2.008	2	2	4	18.177	18	17	68
EPI358781_A_Fujian_411_2002	CY002599_A_New_York_377_2004	2004.12.20	1.006	1	1	3	17.065	17	17	22
EPI358781_A_Fujian_411_2002	CY002719_A_New_York_319_2004	2004.11.8	2.008	2	2	4	17.061	17	17	22
EPI358781_A_Fujian_411_2002	CY002791_A_New_York_232_2004	2004.12.9	1.006	1	1	3	16.061	16	16	21
EPI358781_A_Fujian_411_2002	CY003079_A_New_York_123_2004	2004.12.16	2.006	2	2	4	17.065	17	17	22
EPI358781_A_Fujian_411_2002	CY003647_A_New_York_463_2005	2005.2.9	2.008	2	2	4	17.067	17	17	22
EPI358781_A_Fujian_411_2002	CY003671_A_New_York_471_2004	2004.11.8	3.006	3	3	5	17.061	17	17	22
EPI358781_A_Fujian_411_2002	CY006091_A_New_York_465_2005	2005.3.8	1.006	1	1	3	20.077	20	20	25
EPI358781_A_Fujian_411_2002	CY019156_A_New_York_900_2004	2004.12.22	2.006	2	2	4	13.057	13	13	18
EPI358781_A_Fujian_411_2002	CY019164_A_New_York_900_2004	2004.12.22	2.006	2	2	4	13.057	13	13	18
EPI358781_A_Fujian_411_2002	CY019180_A_New_York_905_2004	2004.12.27	1.006	1	1	3	16.061	16	16	21
EPI358781_A_Fujian_411_2002	CY019260_A_New_York_908_2004	2004.12.27	1.006	1	1	3	16.061	16	16	21
EPI358781_A_Fujian_411_2002	CY019300_A_New_York_913_2005	2005.1.10	1.006	1	1	3	17.065	17	17	22
EPI358781_A_Fujian_411_2002	CY019308_A_New_York_918_2005	2005.1.10	1.006	1	1	3	17.065	17	17	22
EPI358781_A_Fujian_411_2002	CY019324_A_New_York_918_2005	2005.1.10	1.006	1	1	3	17.065	17	17	22
EPI358781_A_Fujian_411_2002	CY020540_A_New_York_913_2005	2005.1.10	1.006	1	1	3	17.065	17	17	22
EPI358781_A_Fujian_411_2002	CY038686_A_Hong_Kong_HKU42_2005	2005.1.6	3.013	3	3	5	20.121	20	19	34
EPI358781_A_Fujian_411_2002	CY038702_A_Hong_Kong_HKU62_2005	2005.5.13	1.138	1	1	3	18.102	18	18	50
EPI358781_A_Fujian_411_2002	CY038710_A_Hong_Kong_HKU65_2005	2005.5.17	3.138	3	3	5	17.072	17	17	21
EPI358781_A_Fujian_411_2002	CY038718_A_Hong_Kong_HKU67_2005	2005.5.23	4.138	4	4	6	17.074	17	17	21
EPI358781_A_Fujian_411_2002	CY038734_A_Hong_Kong_HKU69_2005	2005.5.27	1.138	1	1	3	17.081	17	17	31
EPI358781_A_Fujian_411_2002	CY038742_A_Hong_Kong_HKU70_2005	2005.5.30	2.14	2	2	4	18.085	18	18	30
EPI358781_A_Fujian_411_2002	CY038758_A_Hong_Kong_HKU79_2005	2005.7.16	1.138	1	1	3	19.109	19	19	53
EPI358781_A_Fujian_411_2002	CY039054_A_Hong_Kong_HKU40_2004	2004.11.23	2.004	2	2	4	17.075	17	17	27
EPI358781_A_Fujian_411_2002	CY039062_A_Hong_Kong_HKU45_2005	2005.3.7	0.032	0	0	2	21.1	21	20	26
EPI358781_A_Fujian_411_2002	CY039070_A_Hong_Kong_HKU47_2005	2005.3.19	2.138	2	2	4	18.076	18	18	22
EPI358781_A_Fujian_411_2002	CY039214_A_Hong_Kong_HKU58_2005	2005.5.5	2.14	2	2	4	20.081	20	20	32
EPI358781_A_Fujian_411_2002	CY039230_A_Hong_Kong_HKU61_2005	2005.5.11	1.139	1	1	3	17.069	17	17	21
EPI358781_A_Fujian_411_2002	CY039238_A_Hong_Kong_HKU63_2005	2005.5.14	2.138	2	2	4	17.067	17	17	21
EPI358781_A_Fujian_411_2002	CY040329_A_Hong_Kong_HKU52_2005	2005.4.16	1.138	1	1	3	18.077	18	18	22
EPI358781_A_Fujian_411_2002	CY040345_A_Hong_Kong_HKU75_2005	2005.6.17	2.138	2	2	4	17.065	17	17	21
EPI358781_A_Fujian_411_2002	CY040353_A_Hong_Kong_HKU76_2005	2005.6.21	3.14	3	3	5	17.068	17	17	21
EPI358781_A_Fujian_411_2002	CY040361_A_Hong_Kong_HKU77_2005	2005.6.29	1.14	1	1	3	19.075	19	19	23
EPI358781_A_Fujian_411_2002	CY043767_A_Hong_Kong_HKU72_2005	2005.6.1	1.138	1	1	3	19.079	19	19	31
EPI358781_A_Fujian_411_2002	CY043775_A_Hong_Kong_HKU78_2005	2005.7.9	1.138	1	1	3	22.065	22	22	26
EPI358781_A_Fujian_411_2002	CY044404_A_Hong_Kong_HKU73_2005	2005.6.2	1.14	1	1	3	18.068	18	17	22
EPI358781_A_Fujian_411_2002	CY090996_A_South_Carolina_NHRC0001_2005	2005.2.11	2.012	2	2	4	19.095	19	19	24
EPI358781_A_Fujian_411_2002	CY091012_A_Illinois_NHRC0001_2005	2005.4.6	1.014	1	1	3	20.087	20	20	25
EPI358781_A_Fujian_411_2002	CY091140_A_Texas_NHRC0001_2005	2005.2.16	3.01	3	3	5	17.129	17	16	22
EPI358781_A_Fujian_411_2002	CY091316_A_Hong_Kong_NHRC0001_2005	2005.6.15	1.144	1	1	3	17.086	17	17	31
EPI358781_A_Fujian_411_2002	CY091436_A_California_NHRC0002_2005	2005.2.7	1.014	1	1	3	21.113	21	21	26
EPI358781_A_Fujian_411_2002	CY100575_A_Mexico_InDRE2246_2005	2005.9.11	2.188	2	2	5	18.222	18	17	53
EPI358781_A_Fujian_411_2002	CY112996_A_Netherlands_132_2004	2004.12.4	3.008	3	3	5	16.073	16	16	21
EPI358781_A_Fujian_411_2002	EPI502253_A_Wisconsin_67_2005	2005.1.1	4.142	4	4	6	19.087	19	19	31
EPI358781_A_Fujian_411_2002	KJ855424_A_Mexico_QUE2270_2005	2005.8.11	2.138	2	2	4	18.079	18	18	30
EPI358781_A_Fujian_411_2002	KJ855472_A_Mexico_TLA2227_2005	2005.9.11	3.142	3	3	5	18.087	18	18	22
EPI367109_A_California_7_2004	CY019866_A_New_York_938_2006	2006.3.2	2.144	2	2	4	24.128	24	24	29
EPI367109_A_California_7_2004	CY020372_A_New_York_938_2006	2006.3.2	2.144	2	2	4	24.128	24	24	29
EPI367109_A_California_7_2004	CY091036_A_Illinois_NHRC0002_2005	2005.12.23	1.146	1	1	3	26.117	26	26	31
EPI367109_A_California_7_2004	CY091532_A_California_NHRC0006_2005	2005.12.2	0.008	0	0	2	9.036	9	9	13
EPI367109_A_California_7_2004	CY113004_A_Netherlands_548_2005	2005.12.26	1.144	1	1	3	23.104	23	23	28
EPI367109_A_California_7_2004	CY172198_A_New_York_1001_2005	2005.11.10	1.144	1	1	3	26.102	26	26	31
EPI367109_A_California_7_2004	CY172390_A_New_York_1028_2006	2006.2.20	1.008	1	1	3	2.042	2	2	12
EPI502253_A_Wisconsin_67_2005	CY025428_A_California_UR06_0347_2007	2007.2.19	3.018	3	3	7	15.201	15	15	21
EPI502253_A_Wisconsin_67_2005	CY027570_A_Texas_UR06_0358_2007	2007.2.20	3.018	3	3	7	12.203	12	12	48
EPI502253_A_Wisconsin_67_2005	CY037310_A_Qatar_AF02_2008	2008.1.29	5.02	5	5	9	22.238	22	21	30
EPI502253_A_Wisconsin_67_2005	CY037326_A_Korea_AF05_2008	2008.2.19	4.022	4	4	8	18.135	18	16	22
EPI502253_A_Wisconsin_67_2005	CY039406_A_Taiwan_70002_2007	2007.1.2	3.006	3	3	5	10.108	10	10	46
EPI502253_A_Wisconsin_67_2005	CY039414_A_Taiwan_70113_2007	2007.1.15	3.008	3	3	5	14.143	14	14	50
EPI502253_A_Wisconsin_67_2005	CY040057_A_Taiwan_70307_2007	2007.2.3	3.01	3	3	5	10.125	10	10	46
EPI502253_A_Wisconsin_67_2005	CY040073_A_Taiwan_2361_2007	2007.11.12	3.022	3	3	7	15.805	15	15	25
EPI502253_A_Wisconsin_67_2005	CY040105_A_Taiwan_70120_2008	2008.1.15	4.052	4	4	8	17.115	17	17	21
EPI502253_A_Wisconsin_67_2005	CY044603_A_Boston_40_2008	2008.2.15	3.022	3	3	7	20.113	20	18	24
EPI502253_A_Wisconsin_67_2005	CY044827_A_Boston_88_2008	2008.4.16	5.01	5	5	7	19.137	19	19	23
EPI502253_A_Wisconsin_67_2005	CY113020_A_Netherlands_377_2008	2008.9.27	6.012	6	6	8	20.143	20	20	26
EPI502253_A_Wisconsin_67_2005	CY114404_A_Netherlands_363_2006	2006.12.24	5.162	5	5	9	38.736	38	37	44
EPI502253_A_Wisconsin_67_2005	CY114412_A_Netherlands_69_2007	2007.2.19	3.014	3	3	7	19.113	19	19	23
EPI502253_A_Wisconsin_67_2005	CY114420_A_Netherlands_348_2007	2007.11.6	3.02	3	3	7	16.179	16	16	24
EPI502253_A_Wisconsin_67_2005	CY173286_A_New_York_1155_2008	2008.3.27	5.01	5	5	7	18.133	18	18	22
EPI502253_A_Wisconsin_67_2005	EPI577980_A_Brisbane_10_2007	2007.2.6	4.026	4	4	8	17.179	17	17	25
EPI577980_A_Brisbane_10_2007	CY050611_A_New_York_3018_2009	2009.4.27	3.008	3	3	5	12.395	12	12	16
EPI577980_A_Brisbane_10_2007	CY050731_A_New_York_3143_2009	2009.4.30	3.022	3	3	11	12.522	12	12	70
EPI577980_A_Brisbane_10_2007	CY050795_A_New_York_3491_2009	2009.5.11	3.022	3	3	11	13.522	13	13	71
EPI577980_A_Brisbane_10_2007	CY050827_A_New_York_3738_2009	2009.5.20	3.008	3	3	5	13.395	13	13	17
EPI577980_A_Brisbane_10_2007	CY064830_A_California_VRDL138_2009	2009.4.29	4.014	4	4	8	14.082	14	14	18
EPI577980_A_Brisbane_10_2007	CY067976_A_California_VRDL339_2009	2009.5.4	3.01	3	3	5	13.394	13	12	17
EPI577980_A_Brisbane_10_2007	CY068104_A_California_VRDL368_2009	2009.4.27	4.032	4	4	12	16.261	16	16	74
EPI577980_A_Brisbane_10_2007	CY068208_A_California_VRDL170_2009	2009.4.28	5.01	5	5	7	15.083	15	15	19
EPI577980_A_Brisbane_10_2007	CY068232_A_California_VRDL188_2009	2009.4.29	5.008	5	5	7	14.074	14	14	18
EPI577980_A_Brisbane_10_2007	CY068296_A_California_VRDL247_2009	2009.4.29	5.022	5	5	13	13.209	13	13	71
EPI577980_A_Brisbane_10_2007	CY068336_A_California_VRDL260_2009	2009.5.1	3.008	3	3	5	13.392	13	12	17
EPI577980_A_Brisbane_10_2007	CY068360_A_California_VRDL263_2009	2009.4.30	3.008	3	3	5	13.392	13	12	17
EPI577980_A_Brisbane_10_2007	CY068416_A_California_VRDL277_2009	2009.4.30	3.008	3	3	5	11.407	11	11	15
EPI577980_A_Brisbane_10_2007	CY068480_A_California_VRDL309_2009	2009.5.2	4.014	4	4	8	14.082	14	14	18
EPI577980_A_Brisbane_10_2007	CY068640_A_California_VRDL394_2009	2009.4.28	4.01	4	4	6	17.088	17	17	21
EPI577980_A_Brisbane_10_2007	CY068781_A_California_VRDL205_2009	2009.4.29	4.022	4	4	8	14.118	14	14	36
EPI577980_A_Brisbane_10_2007	CY069322_A_Korea_WRAIR1038P_2009	2009.4.9	4.008	4	4	6	13.393	13	13	17
EPI577980_A_Brisbane_10_2007	CY069426_A_Japan_WRAIR1140P_2009	2009.2.9	5.016	5	5	9	15.132	15	15	21
EPI577980_A_Brisbane_10_2007	CY072221_A_New_York_20343_2010	2010.6.16	6.908	7	5	9	20.293	20	20	24
EPI577980_A_Brisbane_10_2007	CY077432_A_California_VRDL356_2009	2009.6.2	5.014	5	5	11	13.468	13	13	60
EPI577980_A_Brisbane_10_2007	CY084416_A_New_York_3918_2009	2009.6.5	5.018	5	5	9	13.441	13	13	35
EPI577980_A_Brisbane_10_2007	CY089740_A_Boston_40_2009	2009.2.27	6.008	6	6	8	13.094	13	13	17
EPI577980_A_Brisbane_10_2007	CY089756_A_Boston_75_2009	2009.1.16	5.01	5	5	7	13.084	13	13	17
EPI577980_A_Brisbane_10_2007	CY093237_A_South_Korea_WRAIR1171P_2009	2009.1.1	4.024	4	4	12	16.204	16	16	74
EPI577980_A_Brisbane_10_2007	CY093316_A_Kyrgyzstan_WRAIR1256P_2008	2008.12.1	4.019	4	4	8	16.103	16	16	38
EPI577980_A_Brisbane_10_2007	CY093348_A_Kuwait_WRAIR1561P_2009	2009.1.1	4.008	4	4	6	13.1	13	13	17
EPI577980_A_Brisbane_10_2007	CY106599_A_Hong_Kong_H090_671_V10_2009	2009.7.6	6.014	6	6	10	15.32	15	15	37
EPI577980_A_Brisbane_10_2007	CY106647_A_Hong_Kong_H090_689_V22_2009	2009.7.12	3.016	3	3	7	14.437	14	14	36
EPI577980_A_Brisbane_10_2007	CY106655_A_Hong_Kong_H090_692_V10_2009	2009.7.10	3.012	3	3	7	15.395	15	15	19
EPI577980_A_Brisbane_10_2007	CY106703_A_Hong_Kong_H090_714_V10_2009	2009.7.15	3.022	3	3	11	14.522	14	14	72
EPI577980_A_Brisbane_10_2007	CY106735_A_Hong_Kong_H090_720_V31_2009	2009.7.24	6.014	6	6	10	15.298	15	15	21
EPI577980_A_Brisbane_10_2007	CY106743_A_Hong_Kong_H090_724_V10_2009	2009.7.20	4.008	4	4	6	13.391	13	13	17
EPI577980_A_Brisbane_10_2007	CY106751_A_Hong_Kong_H090_724_V20_2009	2009.7.22	4.008	4	4	6	13.391	13	13	17
EPI577980_A_Brisbane_10_2007	CY106791_A_Hong_Kong_H090_733_V10_2009	2009.7.22	5.022	5	5	13	13.522	13	13	71
EPI577980_A_Brisbane_10_2007	CY106847_A_Hong_Kong_H090_739_V22_2009	2009.7.27	3.008	3	3	5	14.397	14	14	18
EPI577980_A_Brisbane_10_2007	CY106863_A_Hong_Kong_H090_739_V33_2009	2009.7.29	3.008	3	3	5	14.397	14	14	18
EPI577980_A_Brisbane_10_2007	CY106871_A_Hong_Kong_H090_741_V10_2009	2009.7.24	3.016	3	3	7	13.445	13	13	35
EPI577980_A_Brisbane_10_2007	CY106879_A_Hong_Kong_H090_747_V10_2009	2009.7.28	3.008	3	3	5	15.397	15	15	19
EPI577980_A_Brisbane_10_2007	CY113028_A_Netherlands_69_2009	2009.1.12	4.014	4	4	8	13.108	13	13	35
EPI577980_A_Brisbane_10_2007	CY113044_A_Netherlands_761_2009	2009.6.25	5.008	5	5	7	19.124	19	19	23
EPI577980_A_Brisbane_10_2007	CY115527_A_Hong_Kong_H090_689_V20_2009	2009.7.12	3.008	3	3	5	14.393	14	14	18
EPI577980_A_Brisbane_10_2007	CY115647_A_Hong_Kong_H090_726_V10_2009	2009.7.20	3.016	3	3	7	13.437	13	13	35
EPI577980_A_Brisbane_10_2007	CY115687_A_Hong_Kong_H090_734_V32_2009	2009.7.27	3.008	3	3	5	15.391	15	15	19
EPI577980_A_Brisbane_10_2007	CY115727_A_Hong_Kong_H090_739_V23_2009	2009.7.27	3.008	3	3	5	14.397	14	14	18
EPI577980_A_Brisbane_10_2007	CY115735_A_Hong_Kong_H090_739_V33_2009	2009.7.29	3.012	3	3	7	14.419	14	14	36
EPI577980_A_Brisbane_10_2007	CY147666_A_Mexico_24013_2008	2008.12.1	1.006	1	1	3	8.038	8	8	12
EPI577980_A_Brisbane_10_2007	EPI577969_A_Perth_16_2009	2009.4.7	3.012	3	3	5	14.393	14	12	18
EPI577980_A_Brisbane_10_2007	HQ664917_A_Nanjing_1655_2010	2010.9.10	6.042	6	6	14	25.411	25	24	85
EPI577980_A_Brisbane_10_2007	HQ664922_A_Nanjing_1654_2010	2010.9.10	10.03	10	10	14	28.236	28	28	32
EPI577980_A_Brisbane_10_2007	HQ664929_A_Nanjing_1663_2010	2010.9.10	10.04	10	10	18	31.356	31	31	89
EPI577980_A_Brisbane_10_2007	KY049985_A_Qinghai_178_2010	2010.3.15	7.03	7	7	11	29.223	29	29	33
EPI577969_A_Perth_16_2009	CY091580_A_Illinois_NHRC0002_2011	2011.1.19	2.006	2	2	4	23.556	23	21	29
EPI577969_A_Perth_16_2009	CY091588_A_California_NHRC0001_2011	2011.1.14	3.026	3	3	11	23.694	23	21	84
EPI577969_A_Perth_16_2009	CY092272_A_California_NHRC0003_2011	2011.1.28	2.012	2	2	8	26.701	26	24	85
EPI577969_A_Perth_16_2009	CY092288_A_California_NHRC0002_2011	2011.1.16	2.012	2	2	8	25.619	25	23	84
EPI577969_A_Perth_16_2009	CY093221_A_District_of_Columbia_WRAIR0300_2010	2010.11.17	5.02	5	5	11	20.773	20	18	80
EPI577969_A_Perth_16_2009	CY093540_A_Mexico_City_WRAIR3579T_2010	2010.12.9	3.01	3	3	7	25.552	25	23	31
EPI577969_A_Perth_16_2009	CY111165_A_Boston_DOA05_2011	2011.1.11	2.012	2	2	8	27.623	27	25	84
EPI577969_A_Perth_16_2009	CY111309_A_Boston_DOA48_2011	2011.2.16	3.904	4	2	6	24.327	24	21	30
EPI577969_A_Perth_16_2009	CY111317_A_Boston_DOA51_2011	2011.2.18	3.904	4	2	6	26.662	26	24	32
EPI577969_A_Perth_16_2009	CY111421_A_Boston_DOA78_2011	2011.3.14	2.012	2	2	8	28.617	28	26	85
EPI577969_A_Perth_16_2009	CY114428_A_Netherlands_063_2011	2011.1.5	4.026	4	4	6	29.01	29	26	35
EPI577969_A_Perth_16_2009	CY114516_A_Netherlands_034_2010	2010.12.23	3.902	4	2	6	23.625	23	21	28
EPI577969_A_Perth_16_2009	CY134520_A_Boston_DOA38_2011	2011.2.12	3.01	3	3	7	25.576	25	23	31
EPI577969_A_Perth_16_2009	CY134568_A_Boston_DOA47_2011	2011.2.14	2.014	2	2	8	26.629	26	24	87
EPI577969_A_Perth_16_2009	CY167515_A_Tennessee_F2018A_2011	2011.1.24	4.012	4	4	10	23.619	23	21	82
EPI577969_A_Perth_16_2009	CY167571_A_Tennessee_F2031A_2011	2011.2.7	2.006	2	2	4	25.644	25	23	31
EPI577969_A_Perth_16_2009	EPI417234_A_Victoria_361_2011	2011.10.24	2.908	3	1	5	29.666	29	27	34
EPI577969_A_Perth_16_2009	EPI556813_A_Texas_50_2012	2012.4.15	2.91	3	1	9	28.817	28	26	86
EPI577969_A_Perth_16_2009	KC882441_A_Iowa_19_2010	2010.12.30	2.01	2	2	6	27.56	27	25	33
EPI577969_A_Perth_16_2009	KC882476_A_Texas_24_2010	2010.12.31	2.01	2	2	6	27.555	27	25	33
EPI577969_A_Perth_16_2009	KC882565_A_New_Jersey_01_2011	2011.1.11	3.91	4	2	8	23.373	23	22	80
EPI577969_A_Perth_16_2009	KC882641_A_Texas_06_2011	2011.2.5	2.012	2	2	8	26.62	26	24	85
EPI577969_A_Perth_16_2009	KC892843_A_Nevada_12_2012	2012.3.30	3.02	3	3	9	33.704	33	31	92
EPI577969_A_Perth_16_2009	KR137644_A_Bethesda_NIH12_2011	2011.2.15	5.904	6	4	8	33.92	34	32	39
EPI577969_A_Perth_16_2009	KT888257_A_Moscow_1514A00504942N_2012	2012.1.19	3.92	4	2	6	36.929	37	34	42
EPI577969_A_Perth_16_2009	KT888258_A_Moscow_1514A00504950T_2012	2012.1.11	2.914	3	1	7	32.693	32	30	37
EPI577969_A_Perth_16_2009	KT888259_A_Moscow_1514A00505149T_2012	2012.4.12	4.016	4	2	6	30.647	30	28	35
EPI577969_A_Perth_16_2009	KT888260_A_Moscow_1514A00505153N_2012	2012.3.23	4.02	4	2	6	30.652	30	28	35
EPI577969_A_Perth_16_2009	KT888261_A_Moscow_1514A00505162N_2012	2012.4.13	4.016	4	2	6	30.649	30	28	35
EPI577969_A_Perth_16_2009	KT888262_A_Mexico_City_1514A00904139N_CP2_2010	2010.12.29	2.012	2	2	8	24.612	24	22	83
EPI577969_A_Perth_16_2009	KT888267_A_Amman_1514A01004462T_2012	2012.1.11	3.906	4	2	6	31.665	31	29	36
EPI577969_A_Perth_16_2009	KT888268_A_Amman_1514A01004465T_2011	2011.12.5	2.904	3	1	5	31.657	31	29	36
EPI577969_A_Perth_16_2009	KT888275_A_Hong_Kong_1514A01704826T_2011	2011.11.15	2.9	3	1	5	25.641	25	23	30
EPI577969_A_Perth_16_2009	KT888279_A_Prague_1514A06404885N_2012	2012.4.12	2.9	3	1	5	28.647	28	26	33
EPI577969_A_Perth_16_2009	KT888281_A_Sarajevo_1514A06604486N_2012	2012.1.11	2.01	2	2	6	28.591	28	26	34
EPI577969_A_Perth_16_2009	KT888283_A_Budapest_1514A07804502N_2011	2011.12.12	3.902	4	2	6	30.683	30	28	35
EPI577969_A_Perth_16_2009	KT888944_A_Yokosuka_SE680_2012	2012.1.24	2.91	3	1	5	32.737	33	31	38
EPI577969_A_Perth_16_2009	KT888945_A_Yokosuka_SE863_2012	2012.2.3	4.91	5	3	7	29.696	29	27	34
EPI577969_A_Perth_16_2009	KT889082_A_Japan_17_2012	2012.1.31	2.92	3	1	7	33.747	33	31	89
EPI577969_A_Perth_16_2009	KT889083_A_Korea_18_2012	2012.1.24	2.904	3	1	5	31.754	31	29	36
EPI577969_A_Perth_16_2009	KT889087_A_Japan_22_2011	2011.12.20	2.012	2	2	8	31.273	31	28	89
EPI577969_A_Perth_16_2009	KT889091_A_Japan_26_2012	2012.3.5	4.912	5	1	9	35.775	35	31	89
EPI577969_A_Perth_16_2009	KT889099_A_Korea_37_2012	2012.1.19	2.9	3	1	5	26.643	26	24	31
EPI577969_A_Perth_16_2009	KT889102_A_Kyrgyzstan_40_2012	2012.1.12	2.91	3	1	9	28.815	28	26	86
EPI577969_A_Perth_16_2009	KT889103_A_Kyrgyzstan_41_2012	2012.1.12	3.91	4	2	10	28.819	28	26	86
EPI577969_A_Perth_16_2009	KT889104_A_Japan_42_2012	2012.1.31	5.928	6	4	12	33.802	33	29	89
EPI577969_A_Perth_16_2009	KT889105_A_Japan_43_2012	2012.2.5	2.908	3	1	5	32.155	32	29	38
EPI577969_A_Perth_16_2009	KT889107_A_Korea_45_2012	2012.1.13	2.906	3	1	5	33.711	33	31	38
EPI577969_A_Perth_16_2009	KT889108_A_Korea_47_2012	2012.1.20	2.906	3	1	5	29.774	29	27	34
EPI577969_A_Perth_16_2009	MK640845_A_China_38887_2012	2012.8.29	2.91	3	1	9	33.726	33	31	91
EPI577969_A_Perth_16_2009	MK640846_A_China_38888_2012	2012.8.29	3.9	4	2	6	31.663	31	29	36
EPI577969_A_Perth_16_2009	MK640847_A_China_39207_2012	2012.9.26	3.909	4	2	6	34.681	34	32	39
EPI577969_A_Perth_16_2009	MK729833_A_New_York_WC_LVD_10_001_2010	2010.11.4	4.026	4	4	10	23.708	23	21	81
EPI577969_A_Perth_16_2009	MK729873_A_New_York_WC_LVD_10_006_2010	2010.12.16	0.006	0	0	2	11.055	11	10	14
EPI417234_A_Victoria_361_2011	CY134779_A_Texas_JMM_8_2012	2012.11.20	4.022	4	4	10	44.257	44	42	51
EPI417234_A_Victoria_361_2011	CY135131_A_Texas_JMM_54_2012	2012.12.6	1.018	1	1	11	9.203	9	9	99
EPI417234_A_Victoria_361_2011	CY148427_A_Boston_DOA2_112_2012	2012.12.4	0.016	0	0	6	16.177	16	16	48
EPI417234_A_Victoria_361_2011	CY148547_A_Boston_DOA2_128_2012	2012.12.18	0.016	0	0	6	18.198	18	18	50
EPI417234_A_Victoria_361_2011	CY148707_A_Boston_DOA2_149_2013	2013.1.9	1.016	1	1	9	13.175	13	13	45
EPI417234_A_Victoria_361_2011	CY148787_A_Boston_DOA2_161_2013	2013.1.2	2.017	2	2	8	14.223	14	14	46
EPI417234_A_Victoria_361_2011	CY148923_A_Boston_DOA2_180_2013	2013.1.13	3.014	3	3	9	14.292	14	14	46
EPI417234_A_Victoria_361_2011	CY149131_A_Boston_DOA2_218_2013	2013.1.15	1.014	1	1	7	16.201	16	16	48
EPI417234_A_Victoria_361_2011	CY149323_A_Boston_DOA2_245_2013	2013.1.25	4.004	4	4	6	14.196	14	14	21
EPI417234_A_Victoria_361_2011	CY167934_A_Boston_YGA_00008_2012	2012.12.19	1.016	1	1	7	15.153	15	15	47
EPI417234_A_Victoria_361_2011	CY168094_A_Boston_YGA_00035_2013	2013.1.10	2.014	2	2	8	15.296	15	15	49
EPI417234_A_Victoria_361_2011	CY168238_A_Boston_YGA_00054_2013	2013.1.24	1.014	1	1	7	14.175	14	14	46
EPI417234_A_Victoria_361_2011	CY168846_A_Boston_YGA_01045_2012	2012.12.25	4.024	4	4	10	47.311	47	45	106
EPI417234_A_Victoria_361_2011	CY168878_A_Boston_YGA_01049_2012	2012.12.26	1.014	1	1	7	9.145	9	9	41
EPI417234_A_Victoria_361_2011	CY169366_A_Boston_YGA_01115_2013	2013.1.1	2.014	2	2	8	15.157	15	15	47
EPI417234_A_Victoria_361_2011	CY169798_A_Boston_YGA_01173_2013	2013.1.17	1.014	1	1	7	16.203	16	16	50
EPI417234_A_Victoria_361_2011	CY169878_A_Boston_YGA_01186_2013	2013.1.21	1.008	1	1	3	10.161	10	10	42
EPI417234_A_Victoria_361_2011	CY170126_A_Boston_YGA_02003_2012	2012.12.17	3.014	3	3	9	12.174	12	12	44
EPI417234_A_Victoria_361_2011	CY170350_A_Boston_YGA_02039_2013	2013.1.19	0.016	0	0	6	13.169	13	13	45
EPI417234_A_Victoria_361_2011	CY170574_A_Santa_Clara_YGA_03016_2013	2013.1.17	1.016	1	1	7	9.157	9	9	41
EPI417234_A_Victoria_361_2011	CY170998_A_Santa_Clara_YGA_03074_2013	2013.1.8	2.006	2	2	4	9.064	9	9	13
EPI417234_A_Victoria_361_2011	CY171246_A_Chicago_YGA_04053_2012	2012.12.18	1.014	1	1	7	11.159	11	11	43
EPI417234_A_Victoria_361_2011	CY171270_A_Chicago_YGA_04056_2012	2012.12.18	0.014	0	0	4	10.151	10	10	44
EPI417234_A_Victoria_361_2011	CY171342_A_Chicago_YGA_04090_2012	2012.12.26	1.018	1	1	11	9.205	9	9	99
EPI417234_A_Victoria_361_2011	CY171406_A_Chicago_YGA_04102_2012	2012.12.27	1.01	1	1	7	11.085	11	11	43
EPI417234_A_Victoria_361_2011	CY171638_A_Chicago_YGA_04135_2013	2013.1.3	1.016	1	1	7	13.171	13	13	45
EPI417234_A_Victoria_361_2011	CY171734_A_Chicago_YGA_04198_2013	2013.1.23	5.026	5	5	11	45.439	45	43	104
EPI417234_A_Victoria_361_2011	CY182800_A_Houston_JMM_74_2012	2012.12.15	1.014	1	1	7	8.149	8	8	40
EPI417234_A_Victoria_361_2011	CY182848_A_Houston_JMM_80_2012	2012.12.18	1.004	1	1	3	10.049	10	10	12
EPI417234_A_Victoria_361_2011	CY182880_A_Houston_JMM_85_2012	2012.12.19	1.004	1	1	3	8.045	8	8	10
EPI417234_A_Victoria_361_2011	CY182960_A_Houston_JMM_96_2012	2012.12.29	1.014	1	1	7	9.155	9	9	41
EPI417234_A_Victoria_361_2011	CY183136_A_Houston_JMM_120_2013	2013.1.8	0.014	0	0	6	11.213	11	11	45
EPI417234_A_Victoria_361_2011	CY207362_A_New_York_WC_LVD_14_073_2014	2014.12.3	0.018	0	0	6	19.192	19	18	71
EPI417234_A_Victoria_361_2011	CY207634_A_New_York_WC_LVD_14_094_2014	2014.12.26	0.014	0	0	6	22.841	23	21	55
EPI417234_A_Victoria_361_2011	CY207882_A_New_York_WC_LVD_14_097_2014	2014.11.10	0.016	0	0	6	17.169	17	17	49
EPI417234_A_Victoria_361_2011	EPI614441_A_Switzerland_9715293_2013	2013.12.6	0.014	0	0	6	20.187	20	20	52
EPI417234_A_Victoria_361_2011	KF034876_A_Suzhou_1275_2013	2013.4.4	1.016	1	1	7	15.159	15	15	47
EPI417234_A_Victoria_361_2011	KR057629_A_Hawaii_39_2014	2014.8.13	3.02	3	3	5	32.362	32	32	38
EPI417234_A_Victoria_361_2011	KR057691_A_California_18_2014	2014.8.8	3.023	3	3	9	14.425	14	14	48
EPI417234_A_Victoria_361_2011	KT835748_A_Maryland_02_2015	2015.1.24	0.016	0	0	6	18.186	18	18	50
EPI417234_A_Victoria_361_2011	KT835964_A_California_20_2015	2015.1.20	1.036	1	1	9	29.452	29	29	100
EPI417234_A_Victoria_361_2011	KT836015_A_North_Carolina_25_2015	2015.1.25	0.016	0	0	6	21.245	21	21	73
EPI417234_A_Victoria_361_2011	KT836198_A_North_Carolina_03_2015	2015.1.20	0.02	0	0	6	18.216	18	18	72
EPI417234_A_Victoria_361_2011	KT836316_A_West_Virginia_07_2015	2015.1.25	0.016	0	0	6	19.176	19	19	51
EPI417234_A_Victoria_361_2011	KT836426_A_Iowa_12_2015	2015.1.30	1.02	1	1	9	17.231	17	17	107
EPI417234_A_Victoria_361_2011	KT837113_A_California_19_2014	2014.9.4	0.02	0	0	6	17.212	17	17	71
EPI417234_A_Victoria_361_2011	KT837844_A_Colorado_15_2014	2014.10.4	0.02	0	0	6	17.214	17	17	71
EPI417234_A_Victoria_361_2011	KT837873_A_Mississippi_05_2014	2014.10.14	0.016	0	0	6	19.169	19	19	51
EPI417234_A_Victoria_361_2011	KT838103_A_Maryland_28_2014	2014.10.14	0.016	0	0	6	19.173	19	19	51
EPI417234_A_Victoria_361_2011	KT838296_A_Minnesota_28_2014	2014.10.18	0.016	0	0	6	17.171	17	17	49
EPI417234_A_Victoria_361_2011	KT838328_A_Louisiana_11_2014	2014.10.21	1.018	1	1	7	30.313	30	30	66
EPI417234_A_Victoria_361_2011	KT838891_A_Georgia_04_2014	2014.11.20	0.016	0	0	6	17.169	17	17	49
EPI417234_A_Victoria_361_2011	KT838993_A_Missouri_11_2014	2014.11.18	1.02	1	1	9	28.303	28	28	56
EPI417234_A_Victoria_361_2011	KT839062_A_Texas_62_2014	2014.11.3	0.014	0	0	4	16.173	16	16	48
EPI417234_A_Victoria_361_2011	KT839395_A_Pennsylvania_49_2014	2014.11.28	0.016	0	0	6	17.172	17	17	49
EPI417234_A_Victoria_361_2011	KT839657_A_Alabama_10_2014	2014.12.4	1.016	1	1	7	19.195	19	19	73
EPI417234_A_Victoria_361_2011	KT840076_A_Tennessee_15_2014	2014.12.9	0.016	0	0	6	17.175	17	17	49
EPI417234_A_Victoria_361_2011	KT840285_A_Virginia_37_2014	2014.12.5	1.016	1	1	7	17.175	17	17	49
EPI417234_A_Victoria_361_2011	KT840798_A_Massachusetts_23_2014	2014.12.14	0.018	0	0	6	20.192	20	19	72
EPI417234_A_Victoria_361_2011	KT840865_A_Washington_60_2014	2014.12.23	3.036	3	3	11	28.46	28	28	99
EPI417234_A_Victoria_361_2011	KT841078_A_California_43_2014	2014.12.23	0.016	0	0	6	20.179	20	20	54
EPI417234_A_Victoria_361_2011	KT841228_A_North_Carolina_06_2015	2015.1.7	1.008	1	1	3	29.241	29	29	33
EPI417234_A_Victoria_361_2011	KT841571_A_Rhode_Island_05_2015	2015.1.7	0.022	0	0	6	21.22	21	20	73
EPI417234_A_Victoria_361_2011	KT841585_A_South_Dakota_01_2015	2015.1.5	0.014	0	0	4	18.174	18	18	50
EPI417234_A_Victoria_361_2011	KT841691_A_Kentucky_01_2015	2015.1.1	0.018	0	0	6	20.172	20	20	52
EPI417234_A_Victoria_361_2011	KT841712_A_Wisconsin_02_2015	2015.1.6	0.016	0	0	6	18.172	18	18	50
EPI417234_A_Victoria_361_2011	KT842043_A_Indiana_13_2015	2015.2.17	1.02	1	1	9	19.237	19	19	111
EPI417234_A_Victoria_361_2011	KT842079_A_Pennsylvania_05_2015	2015.2.6	0.024	0	0	6	20.235	20	20	72
EPI417234_A_Victoria_361_2011	KT842218_A_Delaware_18_2015	2015.2.23	0.018	0	0	6	17.171	17	17	49
EPI417234_A_Victoria_361_2011	KT842837_A_South_Dakota_35_2015	2015.3.14	1.016	1	1	7	17.189	17	17	49
EPI417234_A_Victoria_361_2011	KT842864_A_North_Dakota_06_2015	2015.3.8	0.024	0	0	6	25.237	25	25	64
EPI417234_A_Victoria_361_2011	KT843589_A_Iowa_34_2015	2015.7.30	1.024	1	1	7	22.217	22	21	74
EPI417234_A_Victoria_361_2011	KT843646_A_Alaska_26_2015	2015.6.14	0.016	0	0	6	22.341	22	22	54
EPI417234_A_Victoria_361_2011	KT843896_A_Ohio_26_2015	2015.8.17	1.021	1	1	7	25.205	25	25	57
EPI417234_A_Victoria_361_2011	KT844012_A_Iowa_28_2015	2015.7.30	1.024	1	1	7	22.217	22	21	74
EPI417234_A_Victoria_361_2011	KT844048_A_Washington_36_2015	2015.5.10	0.018	0	0	8	19.269	19	19	111
EPI417234_A_Victoria_361_2011	KT844075_A_Alaska_69_2015	2015.6.26	1.02	1	1	7	21.207	21	20	73
EPI417234_A_Victoria_361_2011	KT888272_A_Kabul_1514A01305430N_2013	2013.1.7	0.014	0	0	6	11.183	11	11	43
EPI417234_A_Victoria_361_2011	KT888276_A_Taipei_1514A02605215N_2013	2013.5.7	0.014	0	0	6	12.165	12	12	46
EPI417234_A_Victoria_361_2011	KT888277_A_Taipei_1514A02605215T_2013	2013.5.7	1.014	1	1	7	12.183	12	12	54
EPI417234_A_Victoria_361_2011	KT888280_A_Pristina_1514A06505401N_2013	2013.2.6	3.02	3	3	9	14.209	14	14	46
EPI417234_A_Victoria_361_2011	KT888284_A_Budapest_1514A07805419T_2013	2013.2.5	0.026	0	0	6	13.183	13	13	45
EPI417234_A_Victoria_361_2011	KT888285_A_Budapest_1514A07805832T_2013	2013.2.6	0.028	0	0	8	13.241	13	13	103
EPI417234_A_Victoria_361_2011	KU589864_A_New_Hampshire_40_2015	2015.9.14	0.022	0	0	6	21.705	22	20	54
EPI417234_A_Victoria_361_2011	KU590701_A_Ohio_28_2015	2015.9.17	2.024	2	2	8	21.223	21	20	73
EPI417234_A_Victoria_361_2011	KY116931_A_Alaska_232_2015	2015.9.9	0.016	0	0	6	23.417	24	22	56
EPI417234_A_Victoria_361_2011	KY487521_A_Columbia_P0079_2014	2014.12.25	0.018	0	0	8	17.227	17	17	107
EPI417234_A_Victoria_361_2011	KY509828_A_Seoul_1595_2015	2015.9.14	2.018	2	2	8	29.033	29	27	61
EPI417234_A_Victoria_361_2011	KY615536_A_Columbia_P0112_2014	2014.12.27	0.02	0	0	6	20.195	20	20	72
EPI417234_A_Victoria_361_2011	KY681484_A_Saudi_Arabia_07_2014	2014.10.4	1.014	1	1	7	23.851	24	22	56
EPI417234_A_Victoria_361_2011	KY681500_A_Saudi_Arabia_28_2015	2015.9.25	0.02	0	0	6	21.188	21	20	57
EPI417234_A_Victoria_361_2011	LC032870_A_Kyoto_13K025_2014	2014.2.5	1.022	1	1	7	27.335	27	27	53
EPI417234_A_Victoria_361_2011	LC032886_A_Kyoto_13K054_2014	2014.2.13	2.018	2	2	8	19.181	19	19	57
EPI417234_A_Victoria_361_2011	LC032990_A_Hokkaido_13H009_2014	2014.1.14	2.02	2	2	10	26.413	26	26	110
EPI417234_A_Victoria_361_2011	LC033126_A_Niigata_13F024_2014	2014.1.31	1.016	1	1	7	20.207	20	20	52
EPI417234_A_Victoria_361_2011	LC033134_A_Niigata_13F335_2014	2014.3.3	1.024	1	1	9	16.273	16	16	108
EPI417234_A_Victoria_361_2011	LC033302_A_Nagasaki_13N004_2014	2014.1.2	2.016	2	2	8	17.183	17	17	55
EPI417234_A_Victoria_361_2011	LC033310_A_Nagasaki_13N007_2014	2014.1.13	3.016	3	3	9	18.173	18	18	50
EPI417234_A_Victoria_361_2011	LC033326_A_Nagasaki_13N046_2014	2014.1.30	0.012	0	0	6	17.329	17	17	49
EPI417234_A_Victoria_361_2011	MK640848_A_China_41303_2012	2012.12.24	1.02	1	1	7	13.179	13	12	47
EPI417234_A_Victoria_361_2011	MK640849_A_China_41304_2012	2012.12.24	1.016	1	1	9	11.163	11	11	43
EPI417234_A_Victoria_361_2011	MK640850_A_China_41678_2013	2013.1.5	1.014	1	1	7	14.163	14	14	46
EPI417234_A_Victoria_361_2011	MK640851_A_China_41691_2013	2013.1.5	0.016	0	0	6	11.177	11	11	43
EPI417234_A_Victoria_361_2011	MK640852_A_China_44381_2013	2013.4.9	2.014	2	2	8	13.159	13	13	45
EPI417234_A_Victoria_361_2011	MK640853_A_China_51045_2013	2013.12.29	2.016	2	2	8	19.187	19	19	51
EPI417234_A_Victoria_361_2011	MK640854_A_China_51323_2014	2014.1.6	2.016	2	2	8	21.181	21	21	59
EPI417234_A_Victoria_361_2011	MK640855_A_China_51340_2014	2014.1.6	3.014	3	3	9	17.551	17	17	49
EPI417234_A_Victoria_361_2011	MK640856_A_China_55254_2014	2014.5.8	1.016	1	1	7	21.211	21	21	53
EPI417234_A_Victoria_361_2011	MK640857_A_China_55312_2014	2014.5.13	0.014	0	0	6	21.197	21	21	53
EPI417234_A_Victoria_361_2011	MK640859_A_China_59100_2014	2014.11.14	1.018	1	1	9	22.257	22	22	112
EPI417234_A_Victoria_361_2011	MK640865_A_China_60938_2014	2014.12.9	3.018	3	3	9	24.211	24	24	56
EPI417234_A_Victoria_361_2011	MK640867_A_China_J7525_2014	2014.12.9	0.014	0	0	6	24.207	24	24	64
EPI417234_A_Victoria_361_2011	MK640868_A_China_J7506_2014	2014.12.9	0.014	0	0	6	27.191	27	27	59
EPI417234_A_Victoria_361_2011	MK640871_A_China_60701_2014	2014.12.11	0.012	0	0	4	25.204	25	25	57
EPI417234_A_Victoria_361_2011	MK640877_A_China_61248_2014	2014.12.16	1.014	1	1	7	21.201	21	21	53
EPI417234_A_Victoria_361_2011	MK640878_A_China_61391_2014	2014.12.18	1.016	1	1	7	19.172	19	19	51
EPI417234_A_Victoria_361_2011	MK640879_A_China_61007_2014	2014.12.18	1.018	1	1	7	23.205	23	23	55
EPI417234_A_Victoria_361_2011	MK640881_A_China_60736_2014	2014.12.18	0.014	0	0	6	27.181	27	27	59
EPI417234_A_Victoria_361_2011	MK640882_A_China_60786_2014	2014.12.18	0.014	0	0	6	22.187	22	22	54
EPI417234_A_Victoria_361_2011	MK640885_A_China_61309_2014	2014.12.18	0.014	0	0	6	24.201	24	24	56
EPI417234_A_Victoria_361_2011	MK640887_A_China_61520_2014	2014.12.19	2.015	2	2	6	25.234	25	25	57
EPI417234_A_Victoria_361_2011	MK640892_A_China_61481_2014	2014.12.23	2.014	2	2	8	24.217	24	24	56
EPI417234_A_Victoria_361_2011	MK640894_A_China_62885_2015	2015.1.27	0.02	0	0	6	23.221	23	23	55
EPI417234_A_Victoria_361_2011	MK640895_A_China_62889_2015	2015.1.27	1.016	1	1	7	27.259	27	27	59
EPI417234_A_Victoria_361_2011	MK640896_A_China_62895_2015	2015.1.27	2.016	2	2	8	25.261	25	25	59
EPI417234_A_Victoria_361_2011	MK640897_A_China_63513_2015	2015.2.17	1.024	1	1	9	26.308	26	26	116
EPI417234_A_Victoria_361_2011	MK640899_A_China_66886_2015	2015.7.22	0.016	0	0	6	23.307	23	23	55
EPI417234_A_Victoria_361_2011	MK640901_A_China_67013_2015	2015.8.24	0.018	0	0	8	21.498	21	20	111
EPI417234_A_Victoria_361_2011	MK730233_A_New_York_WC_LVD_12_051_2012	2012.10.5	2.028	2	2	8	13.161	13	12	47
EPI417234_A_Victoria_361_2011	MK730273_A_New_York_WC_LVD_12_057_2012	2012.12.7	1.014	1	1	7	12.165	12	12	44
EPI417234_A_Victoria_361_2011	MK730497_A_New_York_WC_LVD_12_086_2012	2012.12.17	1.014	1	1	7	17.155	17	17	49
EPI417234_A_Victoria_361_2011	MK817973_A_Maryland_178_5D_2013	2013.2.7	2.014	2	2	8	14.159	14	14	46
EPI417234_A_Victoria_361_2011	MK818117_A_Maryland_63_5D_2013	2013.1.11	2.019	2	2	8	14.155	14	13	46
EPI417234_A_Victoria_361_2011	MK969839_A_Maryland_127_17D_2013	2013.2.4	3.014	3	3	9	14.294	14	14	46
EPI417234_A_Victoria_361_2011	MK970023_A_Maryland_22_1_2012	2012.12.12	1.014	1	1	7	13.153	13	13	45
EPI614441_A_Switzerland_9715293_2013	CY208845_A_Texas_182_2016	2016.8.31	0.022	0	0	6	21.014	21	19	83
EPI614441_A_Switzerland_9715293_2013	CY264049_A_Arizona_67_2016	2016.5.4	1.004	1	1	3	23.904	24	22	66
EPI614441_A_Switzerland_9715293_2013	EPI686117_A_Hong_Kong_15611_2015	2015.10.19	0.004	0	0	2	22.073	23	19	79
EPI614441_A_Switzerland_9715293_2013	KU591160_A_Hawaii_68_2015	2015.10.5	0.002	0	0	2	15.794	16	14	22
EPI614441_A_Switzerland_9715293_2013	KU592163_A_Hawaii_74_2015	2015.10.9	0.004	0	0	2	21.782	22	20	28
EPI614441_A_Switzerland_9715293_2013	KU592184_A_South_Dakota_39_2015	2015.10.13	0.02	0	0	6	19.951	20	18	82
EPI614441_A_Switzerland_9715293_2013	KX412042_A_Iowa_45_2015	2015.10.22	1.006	1	1	3	16.842	17	15	59
EPI614441_A_Switzerland_9715293_2013	KX413283_A_Georgia_40_2016	2016.3.6	0.004	0	0	2	15.159	15	15	31
EPI614441_A_Switzerland_9715293_2013	KX414582_A_Washington_26_2016	2016.1.19	1.006	1	1	3	16.804	17	15	23
EPI614441_A_Switzerland_9715293_2013	KX416117_A_Washington_47_2016	2016.3.14	1.006	1	1	3	22.82	23	21	29
EPI614441_A_Switzerland_9715293_2013	KX416429_A_Hawaii_28_2016	2016.2.29	0.006	0	0	2	16.846	17	15	59
EPI614441_A_Switzerland_9715293_2013	KX416829_A_Washington_55_2016	2016.4.12	2.016	2	2	10	16.281	16	16	128
EPI614441_A_Switzerland_9715293_2013	KX417005_A_Texas_136_2016	2016.4.22	1.014	1	1	3	18.659	18	17	72
EPI614441_A_Switzerland_9715293_2013	KX916993_A_California_12_2016	2016.1.12	1.01	1	1	3	21.881	22	20	64
EPI614441_A_Switzerland_9715293_2013	KX918281_A_Kentucky_26_2016	2016.4.25	1.006	1	1	3	18.185	18	16	73
EPI614441_A_Switzerland_9715293_2013	KY115915_A_Nebraska_24_2016	2016.9.19	0.008	0	0	2	18.854	19	17	61
EPI614441_A_Switzerland_9715293_2013	KY487603_A_Taipei_0020_2016	2016.1.5	0.004	0	0	2	22.844	23	21	65
EPI614441_A_Switzerland_9715293_2013	KY487612_A_Linkou_0081_2016	2016.1.26	2.008	2	2	4	24.035	24	22	66
EPI614441_A_Switzerland_9715293_2013	KY509826_A_Chungbuk_107_2016	2016.1.18	1.034	1	1	5	12.248	12	11	70
EPI614441_A_Switzerland_9715293_2013	KY509827_A_Gyeonggi_458_2016	2016.2.22	1.014	1	1	9	8.228	8	8	122
EPI614441_A_Switzerland_9715293_2013	KY615384_A_Keelung_0026_2016	2016.1.15	2.008	2	2	4	20.856	21	19	63
EPI614441_A_Switzerland_9715293_2013	KY615571_A_Taipei_0011_2015	2015.12.24	0.005	0	0	2	20.978	21	19	81
EPI614441_A_Switzerland_9715293_2013	MG984174_A_Shanghai_1_2016	2016.9.14	2.006	2	2	4	27.831	28	25	70
EPI614441_A_Switzerland_9715293_2013	MK640903_A_China_70219_2015	2015.12.25	0.004	0	0	2	22.841	23	21	65
EPI614441_A_Switzerland_9715293_2013	MK640906_A_China_71516_2016	2016.1.25	0.012	0	0	8	21.888	22	20	122
EPI686117_A_Hong_Kong_15611_2015	1444950_A_Chepstow_1180_2019	2019.3.25	1.028	1	1	7	34.302	34	30	128
EPI686117_A_Hong_Kong_15611_2015	1448200_A_Louisiana_34_2019	2019.4.24	2.006	2	2	4	14.003	13	13	19
EPI686117_A_Hong_Kong_15611_2015	1479371_A_Hawaii_31_2019	2019.4.17	1.006	1	1	3	15.523	15	15	35
EPI686117_A_Hong_Kong_15611_2015	1548016_A_Cheboksary_153_2019	2019.3.18	1.01	1	1	3	31.055	31	27	49
EPI686117_A_Hong_Kong_15611_2015	1548064_A_Tomsk_155_2019	2019.3.11	1.004	1	1	3	24.689	25	23	45
EPI686117_A_Hong_Kong_15611_2015	1548211_A_Mexico_1952_2019	2019.5.7	2.004	2	2	4	17.523	17	17	37
EPI686117_A_Hong_Kong_15611_2015	1592032_A_Hong_Kong_2671_2019	2019.6.11	1.002	1	1	3	22.73	23	21	43
EPI686117_A_Hong_Kong_15611_2015	1597372_A_Louisiana_39_2019	2019.8.25	4.006	4	4	6	30.955	30	27	102
EPI686117_A_Hong_Kong_15611_2015	1609436_A_El_Salvador_517_2019	2019.7.30	1.012	1	1	9	15.677	15	15	151
EPI686117_A_Hong_Kong_15611_2015	1609444_A_Hawaii_64_2019	2019.9.15	1.024	1	1	9	34.251	34	30	164
EPI686117_A_Hong_Kong_15611_2015	1808226_A_Jiangxi_Zhanggong_1512_2019	2019.6.11	1.002	1	1	3	23.71	24	22	28
EPI686117_A_Hong_Kong_15611_2015	CY210604_A_Idaho_41_2016	2016.11.22	0.002	0	0	2	9.579	9	9	87
EPI686117_A_Hong_Kong_15611_2015	CY211583_A_California_129_2016	2016.10.5	0	0	0	0	5.599	5	5	49
EPI686117_A_Hong_Kong_15611_2015	CY212631_A_Nevada_55_2016	2016.12.8	0.004	0	0	2	9.605	9	8	87
EPI686117_A_Hong_Kong_15611_2015	CY212887_A_California_184_2016	2016.12.13	1.002	1	1	3	9.551	9	9	87
EPI686117_A_Hong_Kong_15611_2015	CY212895_A_California_187_2016	2016.12.14	1.012	1	1	3	37.44	38	32	50
EPI686117_A_Hong_Kong_15611_2015	CY213847_A_Minnesota_76_2016	2016.10.25	0.02	0	0	6	15.507	16	14	102
EPI686117_A_Hong_Kong_15611_2015	CY214207_A_Hawaii_103_2016	2016.12.7	0.004	0	0	2	15.317	16	14	32
EPI686117_A_Hong_Kong_15611_2015	CY214479_A_Maryland_31_2016	2016.12.19	1.004	1	1	3	9.596	9	9	87
EPI686117_A_Hong_Kong_15611_2015	CY214567_A_West_Virginia_01_2017	2017.1.3	0	0	0	0	7.507	7	7	27
EPI686117_A_Hong_Kong_15611_2015	CY214879_A_California_214_2016	2016.12.31	2	2	2	2	8.561	8	8	28
EPI686117_A_Hong_Kong_15611_2015	CY218123_A_Wisconsin_08_2017	2017.1.13	0	0	0	0	8.519	8	8	28
EPI686117_A_Hong_Kong_15611_2015	CY220132_A_Texas_32_2017	2017.1.31	0.004	0	0	2	12.51	12	11	32
EPI686117_A_Hong_Kong_15611_2015	CY220180_A_New_Jersey_07_2017	2017.1.30	1	1	1	1	8.497	8	8	28
EPI686117_A_Hong_Kong_15611_2015	CY220548_A_Alabama_06_2017	2017.2.7	1.01	1	1	7	11.584	11	10	109
EPI686117_A_Hong_Kong_15611_2015	CY221923_A_Texas_47_2017	2017.2.13	0.012	0	0	6	7.671	7	7	105
EPI686117_A_Hong_Kong_15611_2015	CY223218_A_New_Mexico_11_2017	2017.2.28	0.004	0	0	2	11.579	11	10	89
EPI686117_A_Hong_Kong_15611_2015	CY223691_A_Maryland_10_2017	2017.1.31	0	0	0	0	9.499	9	9	29
EPI686117_A_Hong_Kong_15611_2015	CY223707_A_Ohio_05_2017	2017.2.7	0	0	0	0	19.273	20	17	36
EPI686117_A_Hong_Kong_15611_2015	CY223731_A_Florida_10_2017	2017.2.8	0.004	0	0	2	16.598	17	15	21
EPI686117_A_Hong_Kong_15611_2015	CY223739_A_Florida_11_2017	2017.2.13	0.022	0	0	2	19.354	20	17	86
EPI686117_A_Hong_Kong_15611_2015	CY224883_A_Arizona_06_2017	2017.1.31	2	2	2	2	9.523	9	9	29
EPI686117_A_Hong_Kong_15611_2015	CY225075_A_Georgia_06_2017	2017.2.15	2.002	2	2	4	13.63	14	12	38
EPI686117_A_Hong_Kong_15611_2015	CY227443_A_Vermont_08_2017	2017.3.2	1	1	1	1	8.521	8	8	28
EPI686117_A_Hong_Kong_15611_2015	CY227899_A_Delaware_19_2017	2017.3.21	4.016	4	4	6	20.437	21	17	37
EPI686117_A_Hong_Kong_15611_2015	CY228314_A_South_Dakota_11_2017	2017.2.13	0.014	0	0	6	14.443	15	12	101
EPI686117_A_Hong_Kong_15611_2015	CY228698_A_Wisconsin_39_2017	2017.3.19	0.004	0	0	2	19.602	20	18	24
EPI686117_A_Hong_Kong_15611_2015	CY228730_A_Arkansas_18_2017	2017.3.19	0.002	0	0	2	8.497	8	8	12
EPI686117_A_Hong_Kong_15611_2015	CY230042_A_Michigan_30_2017	2017.2.27	0.006	0	0	2	15.723	16	14	94
EPI686117_A_Hong_Kong_15611_2015	CY230282_A_Tennessee_21_2017	2017.2.20	0.004	0	0	2	19.682	20	18	96
EPI686117_A_Hong_Kong_15611_2015	CY230438_A_Delaware_19_2017	2017.3.21	4.02	4	4	6	20.585	21	19	93
EPI686117_A_Hong_Kong_15611_2015	CY230551_A_West_Virginia_09_2017	2017.2.13	1.008	1	1	5	11.611	11	10	92
EPI686117_A_Hong_Kong_15611_2015	CY230855_A_Oregon_14_2017	2017.2.28	0.008	0	0	2	8.604	8	7	86
EPI686117_A_Hong_Kong_15611_2015	CY232473_A_Florida_34_2017	2017.4.9	0.012	0	0	6	7.669	7	7	105
EPI686117_A_Hong_Kong_15611_2015	CY232567_A_North_Carolina_27_2017	2017.4.5	3.028	3	3	9	19.593	20	18	114
EPI686117_A_Hong_Kong_15611_2015	CY235613_A_Washington_40_2017	2017.4.17	0.004	0	0	2	17.616	18	16	32
EPI686117_A_Hong_Kong_15611_2015	CY235685_A_Nevada_12_2017	2017.4.25	1	1	1	1	8.521	8	8	28
EPI686117_A_Hong_Kong_15611_2015	CY242099_A_Florida_29_2017	2017.1.7	1.008	1	1	3	11.558	11	10	37
EPI686117_A_Hong_Kong_15611_2015	CY242347_A_Florida_50_2017	2017.7.26	0.008	0	0	2	11.571	11	10	89
EPI686117_A_Hong_Kong_15611_2015	CY243548_A_Alaska_30_2017	2017.6.18	0.006	0	0	2	13.616	13	12	91
EPI686117_A_Hong_Kong_15611_2015	CY243675_A_Alaska_46_2017	2017.7.31	0.006	0	0	2	14.614	14	13	92
EPI686117_A_Hong_Kong_15611_2015	CY244478_A_California_60_2017	2017.7.1	0.002	0	0	2	23.66	24	20	46
EPI686117_A_Hong_Kong_15611_2015	CY245203_A_Arizona_50_2017	2017.8.22	0.006	0	0	2	15.614	15	14	93
EPI686117_A_Hong_Kong_15611_2015	CY245459_A_Hawaii_45_2017	2017.8.22	2.013	2	2	8	15.664	15	14	97
EPI686117_A_Hong_Kong_15611_2015	CY250520_A_Arkansas_24_2017	2017.10.12	0.008	0	0	4	12.611	12	11	93
EPI686117_A_Hong_Kong_15611_2015	CY257914_A_Florida_73_2017	2017.10.15	0.006	0	0	2	13.723	13	13	91
EPI686117_A_Hong_Kong_15611_2015	CY257994_A_Massachusetts_16_2017	2017.10.12	0.004	0	0	2	17.542	17	17	37
EPI686117_A_Hong_Kong_15611_2015	CY258177_A_New_York_36_2017	2017.10.21	1.002	1	1	3	20.63	21	19	35
EPI686117_A_Hong_Kong_15611_2015	CY258305_A_Louisiana_57_2017	2017.10.28	0.012	0	0	8	14.662	14	13	150
EPI686117_A_Hong_Kong_15611_2015	CY260353_A_California_86_2017	2017.10.3	0.008	0	0	4	17.685	18	16	93
EPI686117_A_Hong_Kong_15611_2015	CY264374_A_New_Hampshire_27_2017	2017.11.21	0.012	0	0	8	12.61	12	11	90
EPI686117_A_Hong_Kong_15611_2015	CY264986_A_Pennsylvania_274_2017	2017.12.15	0.012	0	0	8	13.608	13	12	91
EPI686117_A_Hong_Kong_15611_2015	CY266079_A_Florida_87_2017	2017.10.25	0.008	0	0	4	14.611	14	13	95
EPI686117_A_Hong_Kong_15611_2015	KY949675_A_Linkou_0175_2016	2016.12.12	0	0	0	0	12.247	13	10	29
EPI686117_A_Hong_Kong_15611_2015	KY949682_A_Linkou_0191_2016	2016.12.30	0.014	0	0	6	12.44	13	10	100
EPI686117_A_Hong_Kong_15611_2015	KY949699_A_Linkou_0187_2016	2016.12.27	0.002	0	0	2	8.494	8	8	12
EPI686117_A_Hong_Kong_15611_2015	KY949700_A_Keelung_0082_2016	2016.11.30	0.002	0	0	2	11.493	11	11	33
EPI686117_A_Hong_Kong_15611_2015	KY949766_A_Taipei_0088_2016	2016.12.6	0.002	0	0	2	11.515	11	11	55
EPI686117_A_Hong_Kong_15611_2015	KY949786_A_Keelung_0097_2016	2016.12.20	1.004	1	1	3	9.587	9	9	87
EPI686117_A_Hong_Kong_15611_2015	KY949826_A_Taipei_0092_2016	2016.12.19	2	2	2	2	7.505	7	7	12
EPI686117_A_Hong_Kong_15611_2015	KY949862_A_Keelung_0089_2016	2016.12.8	2.002	2	2	4	12.598	13	11	29
EPI686117_A_Hong_Kong_15611_2015	KY949934_A_Keelung_0099_2016	2016.12.21	1.002	1	1	3	9.491	9	9	29
EPI686117_A_Hong_Kong_15611_2015	KY949967_A_Linkou_0169_2016	2016.12.2	0	0	0	0	8.519	8	8	28
EPI686117_A_Hong_Kong_15611_2015	KY950051_A_Linkou_0186_2016	2016.12.26	1.002	1	1	3	16.617	17	15	39
EPI686117_A_Hong_Kong_15611_2015	KY950096_A_Linkou_0181_2016	2016.12.21	1.018	1	1	7	14.415	15	12	85
EPI686117_A_Hong_Kong_15611_2015	KY950133_A_Keelung_0095_2016	2016.12.14	1.004	1	1	3	9.549	9	9	87
EPI686117_A_Hong_Kong_15611_2015	KY950211_A_Linkou_0185_2016	2016.12.24	1.014	1	1	7	14.431	15	12	85
EPI686117_A_Hong_Kong_15611_2015	MF736980_A_Vologda_CRIE_172_2016	2016.12.17	2.019	2	2	14	22.847	22	19	146
EPI686117_A_Hong_Kong_15611_2015	MF736996_A_Karachay_Cherkess_CRIE_301_2017	2017.2.28	1.002	1	1	3	18.311	19	16	87
EPI686117_A_Hong_Kong_15611_2015	MF783012_A_Rochester_U029_2017	2017.1.20	2.002	2	2	4	17.622	18	16	32
EPI686117_A_Hong_Kong_15611_2015	MG198917_A_Guangdong_SKLRD01_2017	2017.7.15	0.002	0	0	2	15.624	16	14	36
EPI686117_A_Hong_Kong_15611_2015	MG856322_A_Karachay_Cherkess_CRIE_296_2016	2016.12.11	0.002	0	0	2	16.301	17	14	83
EPI686117_A_Hong_Kong_15611_2015	MG974447_A_Kansas_14_2017	2017.12.14	0.002	0	0	2	8.497	8	8	30
EPI686117_A_Hong_Kong_15611_2015	MG984182_A_Shanghai_10_2017	2017.1.10	1.006	1	1	3	10.504	10	9	30
EPI686117_A_Hong_Kong_15611_2015	MG984190_A_Shanghai_11_2017	2017.1.11	1.006	1	1	3	10.609	10	9	88
EPI686117_A_Hong_Kong_15611_2015	MG984198_A_Shanghai_12_2017	2017.1.13	1.008	1	1	3	10.564	10	9	88
EPI686117_A_Hong_Kong_15611_2015	MG984222_A_Shanghai_15_2017	2017.1.22	2.006	2	2	4	8.612	8	7	86
EPI686117_A_Hong_Kong_15611_2015	MG984230_A_Shanghai_16_2017	2017.1.25	1.02	1	1	9	10.704	10	9	148
EPI686117_A_Hong_Kong_15611_2015	MG984238_A_Shanghai_17_2017	2017.1.25	1.006	1	1	3	10.609	10	9	88
EPI686117_A_Hong_Kong_15611_2015	MG984246_A_Shanghai_18_2017	2017.1.26	0.004	0	0	2	10.551	10	9	36
EPI686117_A_Hong_Kong_15611_2015	MG984254_A_Shanghai_19_2017	2017.1.31	0.008	0	0	2	10.602	10	9	88
EPI686117_A_Hong_Kong_15611_2015	MG984270_A_Shanghai_20_2017	2017.2.3	1.006	1	1	3	8.576	8	7	86
EPI686117_A_Hong_Kong_15611_2015	MG984278_A_Shanghai_21_2017	2017.2.6	2.01	2	2	10	11.608	11	10	89
EPI686117_A_Hong_Kong_15611_2015	MG984286_A_Shanghai_29_2017	2017.5.16	0.002	0	0	2	17.597	18	16	22
EPI686117_A_Hong_Kong_15611_2015	MG984302_A_Shanghai_30_2017	2017.6.23	0.012	0	0	8	17.733	18	16	148
EPI686117_A_Hong_Kong_15611_2015	MG984310_A_Shanghai_31_2017	2017.6.23	0.008	0	0	4	10.035	10	8	81
EPI686117_A_Hong_Kong_15611_2015	MG984318_A_Shanghai_32_2017	2017.7.19	0.002	0	0	2	16.62	17	15	37
EPI686117_A_Hong_Kong_15611_2015	MG984326_A_Shanghai_33_2017	2017.7.25	1.01	1	1	3	16.706	17	15	89
EPI686117_A_Hong_Kong_15611_2015	MG984342_A_Shanghai_35_2017	2017.7.31	1.01	1	1	3	16.706	17	15	89
EPI686117_A_Hong_Kong_15611_2015	MG984350_A_Shanghai_36_2017	2017.8.9	0.006	0	0	4	17.674	18	16	93
EPI686117_A_Hong_Kong_15611_2015	MG984358_A_Shanghai_37_2017	2017.8.9	1.004	1	1	3	17.623	18	16	38
EPI686117_A_Hong_Kong_15611_2015	MG984366_A_Shanghai_38_2017	2017.8.11	0.002	0	0	2	17.597	18	16	22
EPI686117_A_Hong_Kong_15611_2015	MG984390_A_Shanghai_40_2017	2017.8.19	0.016	0	0	6	16.846	17	15	109
EPI686117_A_Hong_Kong_15611_2015	MG984398_A_Shanghai_41_2017	2017.8.19	1.008	1	1	3	16.624	17	15	37
EPI686117_A_Hong_Kong_15611_2015	MG984414_A_Shanghai_43_2017	2017.8.21	0.004	0	0	2	17.625	18	16	38
EPI686117_A_Hong_Kong_15611_2015	MG984430_A_Shanghai_45_2017	2017.8.23	1.008	1	1	3	16.602	17	15	21
EPI686117_A_Hong_Kong_15611_2015	MG984438_A_Shanghai_46_2017	2017.8.29	1.004	1	1	3	17.601	18	16	22
EPI686117_A_Hong_Kong_15611_2015	MG984446_A_Shanghai_47_2017	2017.8.29	0.002	0	0	2	16.618	17	15	37
EPI686117_A_Hong_Kong_15611_2015	MG984462_A_Shanghai_49_2017	2017.9.5	0.004	0	0	2	18.619	19	17	33
EPI686117_A_Hong_Kong_15611_2015	MG984478_A_Shanghai_50_2017	2017.9.6	0.002	0	0	2	16.618	17	15	37
EPI686117_A_Hong_Kong_15611_2015	MG984486_A_Shanghai_51_2017	2017.9.8	1.004	1	1	3	17.671	18	16	90
EPI686117_A_Hong_Kong_15611_2015	MG984502_A_Shanghai_53_2017	2017.9.13	0.01	0	0	8	16.728	17	15	147
EPI686117_A_Hong_Kong_15611_2015	MG984518_A_Shanghai_7_2016	2016.12.30	2.004	2	2	4	11.6	11	10	89
EPI686117_A_Hong_Kong_15611_2015	MH637447_A_Linkou_0335_2017	2017.7.18	0.002	0	0	2	20.612	21	19	25
EPI686117_A_Hong_Kong_15611_2015	MH637456_A_Linkou_0266_2017	2017.3.16	0.002	0	0	2	18.622	19	17	39
EPI686117_A_Hong_Kong_15611_2015	MH637483_A_Baltimore_P0247_2018	2018.1.14	0.006	0	0	2	13.618	13	12	91
EPI686117_A_Hong_Kong_15611_2015	MH637488_A_Baltimore_P0279_2018	2018.2.2	0.004	0	0	2	8.503	8	8	28
EPI686117_A_Hong_Kong_15611_2015	MH637511_A_Baltimore_P0243_2018	2018.1.11	1.006	1	1	3	10.505	10	10	30
EPI686117_A_Hong_Kong_15611_2015	MH637528_A_Baltimore_P0241_2018	2018.1.10	1.006	1	1	3	8.599	8	8	86
EPI686117_A_Hong_Kong_15611_2015	MH637557_A_Keelung_0113_2017	2017.1.16	0	0	0	0	8.492	8	8	12
EPI686117_A_Hong_Kong_15611_2015	MH637565_A_Baltimore_P0255_2018	2018.1.20	0.008	0	0	2	14.63	14	13	92
EPI686117_A_Hong_Kong_15611_2015	MH637576_A_Linkou_0302_2017	2017.6.20	0.02	0	0	8	17.433	18	15	88
EPI686117_A_Hong_Kong_15611_2015	MH637596_A_Baltimore_P0304_2018	2018.2.13	0.008	0	0	2	14.618	14	13	92
EPI686117_A_Hong_Kong_15611_2015	MH637603_A_Baltimore_P0238_2018	2018.1.8	0.004	0	0	2	15.586	15	14	35
EPI686117_A_Hong_Kong_15611_2015	MH637648_A_Taipei_0122_2017	2017.2.2	0.004	0	0	2	11.615	11	10	89
EPI686117_A_Hong_Kong_15611_2015	MH637673_A_Baltimore_P0237_2018	2018.1.7	0.012	0	0	8	13.676	13	12	149
EPI686117_A_Hong_Kong_15611_2015	MH637679_A_Taipei_0123_2017	2017.2.3	1.002	1	1	3	12.332	13	10	84
EPI686117_A_Hong_Kong_15611_2015	MH637687_A_Baltimore_P0286_2018	2018.2.5	2.01	2	2	4	17.574	17	16	95
EPI686117_A_Hong_Kong_15611_2015	MH637707_A_Keelung_0161_2017	2017.4.7	2.016	2	2	8	17.85	18	16	110
EPI686117_A_Hong_Kong_15611_2015	MH637726_A_Baltimore_P0239_2018	2018.1.8	2.004	2	2	4	13.532	13	12	33
EPI686117_A_Hong_Kong_15611_2015	MH637730_A_Baltimore_P0283_2018	2018.2.4	1.006	1	1	3	9.597	9	9	87
EPI686117_A_Hong_Kong_15611_2015	MH637747_A_Baltimore_P0232_2018	2018.1.2	0.004	0	0	2	13.538	13	12	33
EPI686117_A_Hong_Kong_15611_2015	MH637752_A_Linkou_0206_2017	2017.1.17	3.062	4	2	6	12.525	12	12	32
EPI686117_A_Hong_Kong_15611_2015	MH637768_A_Baltimore_P0242_2018	2018.1.11	1.018	1	1	7	14.778	14	13	112
EPI686117_A_Hong_Kong_15611_2015	MH637783_A_Baltimore_P0244_2018	2018.1.11	0.008	0	0	2	14.584	14	13	92
EPI686117_A_Hong_Kong_15611_2015	MH637808_A_Baltimore_P0298_2018	2018.2.10	0.012	0	0	8	14.618	14	13	92
EPI686117_A_Hong_Kong_15611_2015	MH701747_A_New_Jersey_93924_2018	2018.2.20	2.018	2	2	8	17.783	17	16	115
EPI686117_A_Hong_Kong_15611_2015	MH701755_A_New_Jersey_93934_2018	2018.2.21	2.004	2	2	4	17.527	17	16	37
EPI686117_A_Hong_Kong_15611_2015	MK159064_A_Jeonbuk_736_2017	2017.7.17	1.008	1	1	3	13.634	13	12	91
EPI686117_A_Hong_Kong_15611_2015	MK159072_A_Gyeongbuk_745_2017	2017.9.4	2.012	2	2	4	16.653	16	15	94
EPI686117_A_Hong_Kong_15611_2015	MK640910_A_China_80241_2016	2016.12.6	2.018	2	2	8	11.822	12	10	106
EPI686117_A_Hong_Kong_15611_2015	MK640913_A_China_81105_2017	2017.1.4	0.004	0	0	2	10.552	10	9	30
EPI686117_A_Hong_Kong_15611_2015	MK640914_A_China_81129_2017	2017.1.5	1.006	1	1	3	10.622	10	9	88
EPI686117_A_Hong_Kong_15611_2015	MK640915_A_China_81891_2017	2017.2.1	3.006	3	3	5	12.691	13	11	87
EPI686117_A_Hong_Kong_15611_2015	MN154312_A_Washington_9752_2019	2019.3.15	1.006	1	1	3	16.617	16	16	94
EPI686117_A_Hong_Kong_15611_2015	MN170167_A_Washington_9147_2019	2019.3.10	1.016	1	1	7	16.693	16	16	114
EPI686117_A_Hong_Kong_15611_2015	MN170183_A_Washington_9149_2019	2019.3.11	1.012	1	1	9	16.617	16	16	94
EPI686117_A_Hong_Kong_15611_2015	MN170191_A_Washington_9150_2019	2019.3.11	1.004	1	1	3	16.523	16	16	36
EPI686117_A_Hong_Kong_15611_2015	MN170207_A_Washington_9153_2019	2019.3.14	1.004	1	1	3	16.521	16	16	36
EPI686117_A_Hong_Kong_15611_2015	MN170223_A_Washington_9155_2019	2019.3.14	1.006	1	1	3	16.621	16	16	96
EPI686117_A_Hong_Kong_15611_2015	MN304051_A_Basel_USB003343_1_2016	2016.12.27	2	2	2	2	6.503	6	6	26
EPI686117_A_Hong_Kong_15611_2015	MN304056_A_Basel_USB003348_1_2016	2016.12.30	0.002	0	0	2	7.479	7	7	11
EPI686117_A_Hong_Kong_15611_2015	MN304081_A_Basel_USB003378_1_2017	2017.1.13	0	0	0	0	10.525	10	10	54
EPI686117_A_Hong_Kong_15611_2015	MN304116_A_Basel_USB003451_1_2017	2017.2.2	0.006	0	0	2	10.643	10	10	88
EPI686117_A_Hong_Kong_15611_2015	MN304117_A_Basel_USB003452_1_2017	2017.2.2	0.01	0	0	6	10.632	10	9	108
EPI686117_A_Hong_Kong_15611_2015	MN304125_A_Basel_USB003503_1_2017	2017.2.5	2.008	2	2	10	9.61	9	9	87
EPI686117_A_Hong_Kong_15611_2015	MN304128_A_Basel_USB003507_1_2017	2017.2.6	2.009	2	2	4	9.665	9	9	29
EPI686117_A_Hong_Kong_15611_2015	MN304158_A_Basel_USB001568_1_2017	2017.1.2	1.004	1	1	3	20.23	21	18	37
EPI686117_A_Hong_Kong_15611_2015	MN304160_A_Basel_USB002230_1_2017	2017.1.2	2.006	2	2	4	8.527	8	8	28
EPI686117_A_Hong_Kong_15611_2015	MN304174_A_Basel_USB001581_1_2017	2017.1.3	0.008	0	0	2	10.604	10	9	88
EPI686117_A_Hong_Kong_15611_2015	MN304184_A_Basel_USB001592_1_2017	2017.1.4	1.02	1	1	9	19.41	20	17	90
EPI686117_A_Hong_Kong_15611_2015	MN304199_A_Basel_USB001639_1_2017	2017.1.4	1	1	1	1	9.491	9	9	13
EPI686117_A_Hong_Kong_15611_2015	MN304202_A_Basel_USB002304_1_2017	2017.1.4	2.02	2	2	10	19.408	20	17	90
EPI686117_A_Hong_Kong_15611_2015	MN304206_A_Basel_USB001584_1_2017	2017.1.4	2.012	2	2	8	10.662	10	10	108
EPI686117_A_Hong_Kong_15611_2015	MN304230_A_Basel_USB002323_1_2017	2017.1.6	1	1	1	1	8.477	8	8	12
EPI686117_A_Hong_Kong_15611_2015	MN304260_A_Basel_USB002443_1_2017	2017.1.7	0.004	0	0	2	10.508	10	9	30
EPI686117_A_Hong_Kong_15611_2015	MN304284_A_Basel_USB002561_1_2017	2017.1.9	1.004	1	1	3	19.234	20	17	36
EPI686117_A_Hong_Kong_15611_2015	MN304303_A_Basel_USB002594_1_2017	2017.1.10	0.004	0	0	2	10.603	10	10	88
EPI686117_A_Hong_Kong_15611_2015	MN304347_A_Basel_USB002671_1_2017	2017.1.13	1.004	1	1	3	19.236	20	17	36
EPI686117_A_Hong_Kong_15611_2015	MN304376_A_Basel_USB002722_1_2017	2017.1.17	0	0	0	0	8.513	8	8	28
EPI686117_A_Hong_Kong_15611_2015	MN304409_A_Basel_USB002775_1_2017	2017.1.22	0.006	0	0	2	10.61	10	9	88
EPI686117_A_Hong_Kong_15611_2015	MN304423_A_Basel_USB002825_1_2017	2017.1.23	0.002	0	0	2	18.612	19	17	23
EPI686117_A_Hong_Kong_15611_2015	MN304459_A_Basel_USB002891_1_2017	2017.1.29	1.011	1	1	3	9.608	9	8	87
EPI686117_A_Hong_Kong_15611_2015	MN304483_A_Basel_USB002922_1_2017	2017.2.1	2.004	2	2	4	19.236	20	17	36
EPI686117_A_Hong_Kong_15611_2015	MN304521_A_Basel_USB002995_1_2017	2017.2.5	2.026	2	2	4	9.633	9	9	87
EPI686117_A_Hong_Kong_15611_2015	MN304543_A_Basel_USB003034_1_2017	2017.2.7	2.011	2	2	4	9.723	9	9	87
EPI686117_A_Hong_Kong_15611_2015	MN304587_A_Basel_USB003307_1_2017	2017.2.25	1	1	1	1	8.515	8	8	28
EPI686117_A_Hong_Kong_15611_2015	MN304604_A_Basel_USB002047_1_2016	2016.12.10	2.002	2	2	4	8.545	8	8	52
EPI686117_A_Hong_Kong_15611_2015	MN304638_A_Basel_USB002088_1_2016	2016.12.24	0.01	0	0	8	11.598	11	10	89
EPI686117_A_Hong_Kong_15611_2015	MN304643_A_Basel_USB002097_1_2016	2016.12.25	1.018	1	1	7	19.422	20	17	106
EPI686117_A_Hong_Kong_15611_2015	MN304651_A_Basel_USB002098_1_2016	2016.12.25	0.004	0	0	2	11.558	11	10	89
EPI686117_A_Hong_Kong_15611_2015	MN304652_A_Basel_USB001532_1_2016	2016.12.26	1.004	1	1	3	19.23	20	17	36
EPI686117_A_Hong_Kong_15611_2015	MN304663_A_Basel_USB001539_1_2016	2016.12.27	1.004	1	1	3	11.61	11	10	89
EPI686117_A_Hong_Kong_15611_2015	MN304664_A_Basel_USB001538_1_2016	2016.12.27	1	1	1	1	7.473	7	7	11
EPI686117_A_Hong_Kong_15611_2015	MN304667_A_Basel_USB001537_1_2016	2016.12.27	0.004	0	0	2	11.596	11	10	89
EPI686117_A_Hong_Kong_15611_2015	MN304668_A_Basel_USB002128_1_2016	2016.12.27	1.014	1	1	9	9.704	9	9	145
EPI686117_A_Hong_Kong_15611_2015	MN304672_A_Basel_USB002199_1_2016	2016.12.27	1	1	1	1	7.479	7	7	11
EPI686117_A_Hong_Kong_15611_2015	MN304679_A_Basel_USB002138_1_2016	2016.12.28	0.002	0	0	2	9.597	9	9	91
EPI686117_A_Hong_Kong_15611_2015	MN304682_A_Basel_USB001546_1_2016	2016.12.29	2.008	2	2	10	9.585	9	9	87
EPI686117_A_Hong_Kong_15611_2015	MN304687_A_Basel_USB002180_1_2016	2016.12.29	1.008	1	1	5	19.265	20	17	86
EPI686117_A_Hong_Kong_15611_2015	MN304690_A_Basel_USB002178_1_2016	2016.12.29	3	3	3	3	9.49	9	9	29
EPI686117_A_Hong_Kong_15611_2015	MN304704_A_Basel_USB001552_1_2016	2016.12.31	2	2	2	2	9.518	9	9	15
EPI686117_A_Hong_Kong_15611_2015	MN304711_A_Basel_USB001562_1_2016	2016.12.31	3.002	3	3	5	5.533	5	5	49
