vaccineStrain	compareStrain	tipDate	mean_N	median_N	min_N	max_N	mean_S	median_S	min_S	max_S
MG974447_A_Kansas_14_2017	1618891_A_Pennsylvania_1020_2019	2019.10.12	4.01557285873192	4	4	6	44.0645161290323	44	43	48
MG974447_A_Kansas_14_2017	1640279_A_Cardiff_9474_2019	2019.12.9	1	1	1	1	10.0611790878754	10	10	12
MG974447_A_Kansas_14_2017	1641886_A_Idaho_40_2019	2019.11.16	5.02002224694105	5	5	7	43.3070077864294	43	43	47
MG974447_A_Kansas_14_2017	1651646_A_Virginia_42_2019	2019.12.9	8.01557285873192	8	8	10	38.321468298109	38	38	44
MG974447_A_Kansas_14_2017	1661929_A_Mexico_2943_2019	2019.10.31	2	2	2	2	11.0244716351502	11	11	13
MG974447_A_Kansas_14_2017	1662160_A_Abudhabi_106_2019	2019.11.26	7.01557285873192	7	7	9	35.3114571746385	35	35	41
MG974447_A_Kansas_14_2017	1675773_A_Rheinland_Pfalz_5_2020	2020.1.7	2.00222469410456	2	2	4	11.0989988876529	11	11	15
MG974447_A_Kansas_14_2017	1683447_A_Wisconsin_03_2020	2020.1.9	6.01779755283648	6	6	8	43.3359288097887	43	43	47
MG974447_A_Kansas_14_2017	1692312_A_Louisiana_66_2019	2019.12.28	5.02002224694105	5	5	7	43.3181312569522	43	43	47
MG974447_A_Kansas_14_2017	1713851_A_Pennsylvania_15_2020	2020.2.20	6.01334816462736	6	6	8	41.3815350389321	41	41	45
MG974447_A_Kansas_14_2017	1738893_A_Minnesota_23_2020	2020.3.20	5.01779755283648	5	5	7	44.3314794215795	44	44	48
MG974447_A_Kansas_14_2017	1738933_A_Idaho_52_2019	2019.12.25	6.01557285873192	6	6	8	41.3192436040044	41	41	45
MG974447_A_Kansas_14_2017	1740471_A_Minnesota_12_2020	2020.2.12	6.01779755283648	6	6	8	42.3426028921023	42	42	46
MG974447_A_Kansas_14_2017	1748112_A_Alberta_RV5268_2020	2020.3.4	4.01557285873192	4	4	6	42.6685205784205	42	41	47
MG974447_A_Kansas_14_2017	1799200_A_Haiti_394_2019	2019.12.16	7.01557285873192	7	7	9	33.3036707452725	33	33	39
MG974447_A_Kansas_14_2017	1807805_A_Guangxi_Hengxian_3105_2019	2019.11.14	5.01779755283648	5	5	7	40.357063403782	40	40	44
MG974447_A_Kansas_14_2017	1807829_A_Zhejiang_Dinghai_1817_2019	2019.10.8	5.01557285873192	5	5	7	40.3615127919911	40	40	44
MG974447_A_Kansas_14_2017	1839735_A_Laos_1752_2020	2020.9.26	6.01557285873192	6	6	8	43.3103448275862	43	43	49
MG974447_A_Kansas_14_2017	1841191_A_Yunnan_Wenshan_1592_2020	2020.7.21	6.0111234705228	6	6	8	37.3726362625139	37	37	41
MG974447_A_Kansas_14_2017	1841681_A_Cambodia_e0826360_2020	2020.7.16	6.01557285873192	6	6	8	39.3036707452725	39	39	45
MG974447_A_Kansas_14_2017	1847821_A_Kitakyusyu_1_2020	2020.8.1	6.01779755283648	6	6	8	35.3281423804227	35	35	41
MG974447_A_Kansas_14_2017	1847845_A_Saitama_92_2020	2020.4.3	6.01557285873192	6	6	8	37.3236929922136	37	37	43
MG974447_A_Kansas_14_2017	2761581_A_Hessen_26_2020	2020.1.27	6.01779755283648	6	6	8	42.3426028921023	42	42	46
MG974447_A_Kansas_14_2017	2761606_A_Schleswig_Holstein_9_2020	2020.2.10	1.00444938820912	1	1	3	11.083426028921	11	11	15
1592032_A_Hong_Kong_2671_2019	1838078_A_California_55_2020	2020.10.12	3.0111234705228	3	3	5	29.2513904338153	29	29	35
1592032_A_Hong_Kong_2671_2019	1847925_A_Vietnam_Vnhcm_Gs483_2020	2020.10.9	4.0111234705228	4	4	6	31.2536151279199	31	31	37
1592032_A_Hong_Kong_2671_2019	1849665_A_AbuDhabi_01_2021	2021.1.1	3.02002224694105	3	3	5	29.2780867630701	29	29	35
1592032_A_Hong_Kong_2671_2019	1852226_A_Bangkok_62_2020	2020.11.11	4.01334816462736	4	4	6	32.2536151279199	32	32	38
1592032_A_Hong_Kong_2671_2019	1858651_A_Pennsylvania_01_2021	2021.3.19	4.01334816462736	4	4	6	30.2758620689655	30	30	38
1592032_A_Hong_Kong_2671_2019	1861076_A_Laos_580_2021	2021.2.21	3.0111234705228	3	3	5	30.2558398220245	30	30	36
1592032_A_Hong_Kong_2671_2019	1869531_A_Delaware_01_2021	2021.4.16	3.01334816462736	3	3	5	29.2602892102336	29	29	35
1592032_A_Hong_Kong_2671_2019	1885447_A_Abu_Dhabi_2210622842_2021	2021.3.3	4.02002224694105	4	4	6	29.2780867630701	29	29	35
1592032_A_Hong_Kong_2671_2019	1905714_A_India_PUN_NIV323256_2021	2021.6.21	4.01557285873192	4	4	6	30.2602892102336	30	30	36
1592032_A_Hong_Kong_2671_2019	1905786_A_India_PUN_NIV312063_2021	2021.5.9	3.01557285873192	3	3	5	28.2769744160178	29	27	33
1592032_A_Hong_Kong_2671_2019	1905802_A_Nepal_Npwr_05637_2021	2021.4.8	4.01334816462736	4	4	6	26.2880978865406	26	26	32
1592032_A_Hong_Kong_2671_2019	1916915_A_Oklahoma_01_2021	2021.7.6	2.00667408231368	2	2	4	31.1846496106785	31	29	38
1592032_A_Hong_Kong_2671_2019	1916923_A_Michigan_03_2021	2021.8.18	4.01334816462736	4	4	6	31.265850945495	31	30	37
1592032_A_Hong_Kong_2671_2019	1919553_A_YANAO_08_01V_2021	2021.8.8	0	0	0	0	0	0	0	0
1592032_A_Hong_Kong_2671_2019	1921773_A_Thailand_12_2021	2021.6.24	4.01557285873192	4	4	6	33.2803114571746	33	33	39
1592032_A_Hong_Kong_2671_2019	1922800_A_Nepal_21FL2699_2021	2021.8.11	4.01334816462736	4	4	6	30.2625139043382	30	30	36
1592032_A_Hong_Kong_2671_2019	1924350_A_Philippines_6_2021	2021.7.5	6.03559510567297	6	6	8	50.4771968854283	50	50	54
1592032_A_Hong_Kong_2671_2019	1925236_A_Michigan_05_2021	2021.9.26	2.01779755283648	2	2	4	38.3103448275862	38	36	43
1592032_A_Hong_Kong_2671_2019	1926248_A_Saint_Petersburg_RII_2415S_2021	2021.1.2	10.0333704115684	10	10	12	38.4004449388209	38	38	44
1592032_A_Hong_Kong_2671_2019	1940321_A_New_York_03_2021	2021.9.16	3.01334816462736	3	3	5	30.2602892102336	30	30	36
1592032_A_Hong_Kong_2671_2019	1954438_A_Picardie_28479_2021	2021.9.17	3.01334816462736	3	3	5	28.2625139043382	28	28	34
1592032_A_Hong_Kong_2671_2019	1967900_A_Pakistan_ICT7_2021	2021.9.16	3.01334816462736	3	3	5	32.273637374861	32	32	38
1592032_A_Hong_Kong_2671_2019	1969592_A_Bangladesh_9019_2021	2021.9.20	3.01334816462736	3	3	5	31.265850945495	31	31	37
1592032_A_Hong_Kong_2671_2019	EPI2415906_A_Darwin_9_2021	2021.4.17	4.01557285873192	4	4	6	28.2647385984427	28	28	34
1841681_A_Cambodia_e0826360_2020	19194107_A_Thailand_8_2022	2022.7.11	1.0111234705228	1	1	3	18.1490545050056	18	17	24
1841681_A_Cambodia_e0826360_2020	1941020_A_Florida_04_2021	2021.10.28	0.00889877641824249	0	0	2	12.1156840934372	12	12	18
1841681_A_Cambodia_e0826360_2020	1952515_A_Pennsylvania_06_2021	2021.11.21	1.00889877641824	1	1	3	12.1179087875417	12	12	18
1841681_A_Cambodia_e0826360_2020	1958506_A_Khakassia_155_06V_2021	2021.11.30	2.00889877641824	2	2	4	12.1223581757508	12	12	18
1841681_A_Cambodia_e0826360_2020	1960344_A_Montana_10_2021	2021.11.29	0.00889877641824249	0	0	2	13.1179087875417	13	13	19
1841681_A_Cambodia_e0826360_2020	1964326_A_California_46_2021	2021.12.19	0.00889877641824249	0	0	2	12.1156840934372	12	12	18
1841681_A_Cambodia_e0826360_2020	1983154_A_Montana_02_2022	2022.1.6	0.00889877641824249	0	0	2	13.1201334816463	13	13	19
1841681_A_Cambodia_e0826360_2020	1992288_A_Wyoming_09_2021	2021.12.2	0.00889877641824249	0	0	2	13.1156840934372	13	13	19
1841681_A_Cambodia_e0826360_2020	2004157_A_North_Dakota_03_2022	2022.2.9	1.0111234705228	1	1	3	14.1245828698554	14	14	20
1841681_A_Cambodia_e0826360_2020	2007488_A_New_Mexico_07_2022	2022.2.14	1.01334816462736	1	1	3	14.1334816462736	14	14	20
1841681_A_Cambodia_e0826360_2020	2019560_A_Novosibirsk_RII_MH60652S_2022	2022.1.10	1.01334816462736	1	1	3	11.1334816462736	11	11	17
1841681_A_Cambodia_e0826360_2020	2042591_A_Picardie_21593_2022	2022.3.21	0.00889877641824249	0	0	2	18.1490545050056	18	18	24
1841681_A_Cambodia_e0826360_2020	2042752_A_Lorraine_23758_2022	2022.3.26	0.00889877641824249	0	0	2	16.1490545050056	16	16	22
1841681_A_Cambodia_e0826360_2020	2042994_A_Lorraine_28541_2022	2022.4.9	0.00889877641824249	0	0	2	12.1312569521691	12	12	18
1841681_A_Cambodia_e0826360_2020	2043548_A_Berlin_23_2022	2022.3.17	0.00889877641824249	0	0	2	18.1557285873192	18	18	24
1841681_A_Cambodia_e0826360_2020	2046104_A_Krasnodar_Krai_183_10V_2021	2021.12.17	1.01334816462736	1	1	3	13.1612903225806	13	12	19
1841681_A_Cambodia_e0826360_2020	2063583_A_Idaho_25_2022	2022.5.1	1.00889877641824	1	1	3	15.1345939933259	15	15	21
1841681_A_Cambodia_e0826360_2020	2077428_A_Berlin_61_2022	2022.4.25	3.71301446051168	4	3	6	47.622914349277	48	44	57
1841681_A_Cambodia_e0826360_2020	2127871_A_Michigan_35_2022	2022.5.18	4.7174638487208	5	4	7	51.6284760845384	52	48	61
1841681_A_Cambodia_e0826360_2020	2136215_A_Abu_Dhabi_1812537_2022	2022.6.30	3.71301446051168	4	3	6	47.6073414905451	48	44	57
1841681_A_Cambodia_e0826360_2020	2176957_A_Florida_70_2022	2022.8.8	3.7174638487208	4	3	6	50.6284760845384	51	47	60
1841681_A_Cambodia_e0826360_2020	2194875_A_Maldives_875_2022	2022.9.9	2.71968854282536	3	2	5	42.5072302558398	43	38	50
1841681_A_Cambodia_e0826360_2020	2233523_A_Ayutthaya_NIC_P2289_2022	2022.7.18	0.00889877641824249	0	0	2	16.146829810901	16	16	22
1841681_A_Cambodia_e0826360_2020	2325220_A_Finland_298_2022	2022.9.4	1.00889877641824	1	1	3	20.1479421579533	20	20	26
1841681_A_Cambodia_e0826360_2020	2500106_A_ABUDHABI_UAE_1112067_2022	2022.4.25	1.00889877641824	1	1	3	15.1457174638487	15	15	21
1841681_A_Cambodia_e0826360_2020	2503987_A_British_Columbia_124_2022	2022.6.19	0.0200222469410456	0	0	2	17.2013348164627	17	17	23
EPI2415906_A_Darwin_9_2021	19296516_A_Croatia_10136RV_2023	2023.12.4	4.72191323692992	5	4	7	51.6218020022247	52	48	61
EPI2415906_A_Darwin_9_2021	19377008_A_Arica_52920_2024	2024.7.1	4.71968854282536	5	4	7	52.6551724137931	53	49	62
EPI2415906_A_Darwin_9_2021	19355069_A_Chiang_Rai_1932_2024	2024.3.27	4.71968854282536	5	4	7	56.6418242491657	57	53	66
EPI2415906_A_Darwin_9_2021	19378437_A_Denmark_2208_2024	2024.6.29	6.72191323692992	7	6	9	56.6573971078977	57	53	66
EPI2415906_A_Darwin_9_2021	19522825_A_Denmark_2281_2024	2024.8.26	4.72191323692992	5	4	7	56.650723025584	57	53	66
EPI2415906_A_Darwin_9_2021	19455563_A_England_2481021_2024	2024.6.4	4.71968854282536	5	4	7	54.6618464961068	55	51	64
EPI2415906_A_Darwin_9_2021	19539069_A_Ghana_1122_2024	2024.7.24	4.72413793103448	5	4	7	56.6562847608454	57	53	66
EPI2415906_A_Darwin_9_2021	19298604_A_Ghana_3370_2024	2024.6.6	5.71968854282536	6	5	8	57.6718576195773	58	54	67
EPI2415906_A_Darwin_9_2021	19377137_A_Guyana_10084_2024	2024.5.28	4.71968854282536	5	4	7	51.6307007786429	52	48	61
EPI2415906_A_Darwin_9_2021	19274403_A_Hungary_264_2024	2024.3.26	4.72636262513904	5	4	7	54.6373748609566	55	51	64
EPI2415906_A_Darwin_9_2021	19355364_A_Kenya_139_2024	2024.5.23	5.71968854282536	6	5	8	51.650723025584	52	48	61
EPI2415906_A_Darwin_9_2021	19388144_A_Saudi_Arabia_PHL_FS8301_2024	2024.7.6	4.72191323692992	5	4	7	54.6351501668521	55	51	64
EPI2415906_A_Darwin_9_2021	19052814_A_Serbia_514284_2024	2024.3.8	4.71968854282536	5	4	7	51.6284760845384	52	48	61
EPI2415906_A_Darwin_9_2021	19539108_A_Wellington_85_2024	2024.8.14	4.72636262513904	5	4	7	57.6484983314794	58	54	67
EPI2415906_A_Darwin_9_2021	19208620_A_Wisconsin_80_2024	2024.5.25	5.72969966629588	6	5	8	59.6751946607341	60	56	71
EPI2415906_A_Darwin_9_2021	19642627_A_Jeju_4080_2024	2024.9.23	6.72413793103448	7	6	9	54.6418242491657	55	51	64
EPI2415906_A_Darwin_9_2021	19632815_A_Jeonbuk_3813_2024	2024.3.11	4.71968854282536	5	4	7	54.6351501668521	55	51	64
EPI2415906_A_Darwin_9_2021	19632822_A_Seoul_3837_2024	2024.3.18	4.73081201334816	5	4	8	54.6362625139043	55	51	64
EPI2415906_A_Darwin_9_2021	2206316_A_Rogerstone_2168_2022	2022.10.10	2.00222469410456	2	2	4	9.58954393770857	9	9	13
EPI2415906_A_Darwin_9_2021	2208308_A_Lourdes_53101_2022	2022.10.8	4.7174638487208	5	4	7	51.6284760845384	52	48	61
EPI2415906_A_Darwin_9_2021	2252381_A_Maine_07_2022	2022.10.27	4.72191323692992	5	4	7	49.6395995550612	50	46	59
EPI2415906_A_Darwin_9_2021	2253452_A_Kansas_25_2022	2022.10.19	3.72413793103448	4	3	6	44.567296996663	45	40	52
EPI2415906_A_Darwin_9_2021	2254250_A_Centre_56613_2022	2022.11.23	4.7174638487208	5	4	7	50.6284760845384	51	47	60
EPI2415906_A_Darwin_9_2021	2257357_A_Austria_MUW1572306_2022	2022.11.30	7.71968854282536	8	7	10	47.6451612903226	48	44	57
EPI2415906_A_Darwin_9_2021	2283189_A_Denmark_3146_2022	2022.11.10	4.7174638487208	5	4	7	49.6284760845384	50	46	59
EPI2415906_A_Darwin_9_2021	2367511_A_Connecticut_04_2023	2023.1.4	5.7174638487208	6	5	8	51.6585094549499	52	48	61
EPI2415906_A_Darwin_9_2021	2385451_A_Oman_8557_2022	2022.12.4	2.00889877641824	2	2	4	10.5116796440489	10	10	14
EPI2415906_A_Darwin_9_2021	2424342_A_Baden_Wuerttemberg_144_2022	2022.12.1	4.72191323692992	5	4	7	51.6329254727475	52	48	61
EPI2415906_A_Darwin_9_2021	2424895_A_Sachsen_Anhalt_3_2023	2023.1.1	5.7174638487208	6	5	8	52.6462736373749	53	49	62
EPI2415906_A_Darwin_9_2021	2441868_A_Minnesota_08_2023	2023.1.11	4.72191323692992	5	4	7	55.6551724137931	56	52	65
EPI2415906_A_Darwin_9_2021	2467517_A_HaidianCDC_12962_2023	2023.3.2	1.00444938820912	1	1	3	10.5094549499444	10	10	14
EPI2415906_A_Darwin_9_2021	2498550_A_California_32_2023	2023.1.5	5.72080088987764	6	5	8	52.6629588431591	53	49	62
EPI2415906_A_Darwin_9_2021	2498622_A_Kansas_01_2023	2023.2.26	4.71968854282536	5	4	7	55.6395995550612	56	52	65
EPI2415906_A_Darwin_9_2021	2534759_A_Minnesota_18_2023	2023.2.22	4.72191323692992	5	4	7	52.6662958843159	53	49	62
EPI2415906_A_Darwin_9_2021	2539626_A_Nordrhein_Westfalen_128_2022	2022.12.20	1.00222469410456	1	1	3	12.5906562847608	12	12	17
EPI2415906_A_Darwin_9_2021	2571528_A_Bhutan_001_2022	2022.11.21	2.00889877641824	2	2	4	12.4671857619577	12	11	18
EPI2415906_A_Darwin_9_2021	2587133_A_Berlin_265_2022	2022.12.19	5.7174638487208	6	5	8	50.6307007786429	51	47	60
EPI2415906_A_Darwin_9_2021	2599401_A_Lebanon_2787_2023	2023.3.28	8.7285873192436	9	8	11	50.7352614015573	51	47	60
EPI2415906_A_Darwin_9_2021	2689682_A_Costa_Rica_8476_2023	2023.6.26	2.00667408231368	2	2	4	10.5161290322581	10	10	14
EPI2415906_A_Darwin_9_2021	2716167_A_Kentucky_06_2023	2023.7.18	5.71968854282536	6	5	8	53.6674082313682	54	50	63
EPI2415906_A_Darwin_9_2021	2716351_A_Guatemala_378_2023	2023.4.22	4.7174638487208	5	4	7	46.6696329254727	47	43	56
EPI2415906_A_Darwin_9_2021	2732731_A_Bangladesh_9003_2023	2023.5.8	6.71968854282536	7	6	9	54.9655172413793	55	51	64
EPI2415906_A_Darwin_9_2021	2736750_A_Finland_407_2023	2023.8.11	4.00889877641824	4	4	6	15.7641824249166	15	15	21
EPI2415906_A_Darwin_9_2021	2758811_A_Catalonia_NSVH102158148_2023	2023.9.6	5.71968854282536	6	5	8	58.6629588431591	59	55	68
EPI2415906_A_Darwin_9_2021	EPI2800450_A_Phra_Nakhon_Si_Ayutthaya_P4330_2023	2023.10.2	6.72191323692992	7	6	9	54.6696329254727	55	51	64
EPI2415906_A_Darwin_9_2021	EPI2817864_A_Nakhon_Phanom_P4970_2023	2023.11.3	4.71968854282536	5	4	7	52.6340378197998	53	49	62
EPI2415906_A_Darwin_9_2021	EPI2819091_A_Nebraska_13_2023	2023.11.15	5.71968854282536	6	5	8	51.6240266963293	52	48	61
EPI2415906_A_Darwin_9_2021	EPI2845383_A_Saint_Petersburg_RII_169_2023	2023.10.31	4.71968854282536	5	4	7	52.6307007786429	53	49	62
EPI2415906_A_Darwin_9_2021	EPI2901414_A_California_118_2023	2023.11.29	4.72413793103448	5	4	7	55.6307007786429	56	52	65
EPI2415906_A_Darwin_9_2021	EPI2926182_A_Hong_Kong_3084_2023	2023.12.1	5.72191323692992	6	5	8	52.6262513904338	53	49	62
EPI2415906_A_Darwin_9_2021	EPI2970652_A_Saratov_RII_3_2023	2023.12.22	5.71968854282536	6	5	8	53.6195773081201	54	50	63
EPI2415906_A_Darwin_9_2021	EPI3055327_A_New_Hampshire_02_2024	2024.1.4	5.71968854282536	6	5	8	60.754171301446	61	57	70
EPI2415906_A_Darwin_9_2021	EPI3089330_A_Penarth_6936_2024	2024.1.22	4.72191323692992	5	4	7	52.6307007786429	53	49	62
EPI2415906_A_Darwin_9_2021	EPI3095110_A_Samara_22_2023	2023.12.22	4.71968854282536	5	4	7	53.6195773081201	54	50	63
EPI2415906_A_Darwin_9_2021	EPI3133740_A_Idaho_21_2024	2024.2.9	4.72191323692992	5	4	7	52.6329254727475	53	49	62
EPI2415906_A_Darwin_9_2021	EPI3134187_A_Florida_06_2024	2024.1.8	5.72191323692992	6	5	8	59.6941045606229	60	56	69
EPI2415906_A_Darwin_9_2021	EPI3186602_A_Nevada_104_2024	2024.3.1	4.72191323692992	5	4	7	53.6395995550612	54	50	63
EPI2415906_A_Darwin_9_2021	EPI3186714_A_Washington_22_2024	2024.2.4	5.72413793103448	6	5	8	59.7463848720801	60	56	69
19194107_A_Thailand_8_2022	19628172_A_Colorado_228_2024	2024.11.10	5.03781979977753	5	5	7	64.9221357063404	64	63	73
19194107_A_Thailand_8_2022	19826182_A_South_Africa_R01135_2025	2025.1.28	4.04004449388209	4	4	6	66.880978865406	66	65	75
19194107_A_Thailand_8_2022	19822399_A_Incheon_694_2025	2025.2.18	4.02892102335929	4	4	6	60.8275862068966	60	59	69
19194107_A_Thailand_8_2022	19794607_A_Jeonnam_359_2025	2025.1.13	5.02892102335929	5	5	7	62.8309232480534	62	61	71
19194107_A_Thailand_8_2022	20080759_A_Vietnam_5034_2025	2025.2.15	4.04226918798665	4	4	6	65.9187986651835	65	64	74
19194107_A_Thailand_8_2022	19884376_A_Canarias_1589_2025	2025.1.1	6.03114571746385	6	6	8	66.0055617352614	66	64	76
19194107_A_Thailand_8_2022	19800540_A_Denmark_860_2025	2025.2.3	6.03225806451613	6	6	8	61.0378197997775	61	59	69
19194107_A_Thailand_8_2022	19682309_A_Netherlands_10048_2025	2025.1.2	4.03337041156841	4	4	8	65.9833147942158	66	64	74
19194107_A_Thailand_8_2022	19874950_A_Denmark_2460_2025	2025.3.24	4.02892102335929	4	4	6	60.8286985539488	60	59	69
19194107_A_Thailand_8_2022	20073250_A_Ontario_1098_2025	2025.4.1	5.03337041156841	5	5	7	63.1078976640712	63	61	71
19194107_A_Thailand_8_2022	19897514_A_South_Africa_PATH-CERI-C068465_2025	2025.5.3	5.02892102335929	5	5	7	63.8320355951057	63	62	72
19194107_A_Thailand_8_2022	20261922_A_South_Africa_8325_2025	2025.8.28	7.02669632925473	7	7	9	61.8843159065628	61	60	70
19296516_A_Croatia_10136RV_2023	20284405_A_Bahrain_1648_2025	2025.10.19	4.00222469410456	4	4	6	9.08120133481646	9	9	13
19296516_A_Croatia_10136RV_2023	20284485_A_Bahrain_2180_2025	2025.10.23	3.00222469410456	3	3	5	9.08342602892102	9	9	11
19296516_A_Croatia_10136RV_2023	20284519_A_Catalonia_NSVH102734071_2025	2025.11.28	3.00222469410456	3	3	5	7.07675194660734	7	7	9
19296516_A_Croatia_10136RV_2023	20269338_A_Denmark_3567_2025	2025.11.10	3.00444938820912	3	3	5	10.0845383759733	10	10	14
19296516_A_Croatia_10136RV_2023	20269279_A_Denmark_3542_2025	2025.11.7	3.00222469410456	3	3	5	9.07452725250278	9	9	11
19296516_A_Croatia_10136RV_2023	20221173_A_Cardiff_0040_2025	2025.10.2	3.00222469410456	3	3	5	8.07675194660734	8	8	10
19296516_A_Croatia_10136RV_2023	20275639_A_Colorado_ISC-1470_2025	2025.10.28	4.00444938820912	4	4	6	9.08342602892102	9	9	11
19296516_A_Croatia_10136RV_2023	20275637_A_Colorado_ISC-1507_2025	2025.11.14	3.00444938820912	3	3	5	8.08231368186874	8	8	10
19296516_A_Croatia_10136RV_2023	20275348_A_Florida_32_2025	2025.10.29	3.00222469410456	3	3	5	7.07452725250278	7	7	9
19296516_A_Croatia_10136RV_2023	20275683_A_New_York_NIRC-IS-1504_2025	2025.11.13	3.00222469410456	3	3	5	11.0878754171301	11	11	13
19296516_A_Croatia_10136RV_2023	20262326_A_Colorado_ISC-1494_2025	2025.11.11	4.00222469410456	4	4	6	9.08231368186874	9	9	11
19296516_A_Croatia_10136RV_2023	20261837_A_Alaska_82_2025	2025.10.20	3.00222469410456	3	3	5	8.0789766407119	8	8	10
19296516_A_Croatia_10136RV_2023	20278399_A_Catalonia_NSVH171794172_2025	2025.12.3	3.00222469410456	3	3	5	11.0845383759733	11	11	13
19296516_A_Croatia_10136RV_2023	20261953_A_Wisconsin_152_2025	2025.11.3	3.00222469410456	3	3	5	9.07786429365962	9	9	11
19296516_A_Croatia_10136RV_2023	20262725_A_Catalonia_NSVH161522720_2025	2025.11.19	3.00889877641824	3	3	5	16.1023359288098	16	16	19
19296516_A_Croatia_10136RV_2023	20261957_A_Minnesota_109_2025	2025.10.25	3.00222469410456	3	3	5	9.08120133481646	9	9	11
19296516_A_Croatia_10136RV_2023	20279652_A_Lisboa_706_2025	2025.11.2	4.00222469410456	4	4	6	9.08120133481646	9	9	11
19296516_A_Croatia_10136RV_2023	20280416_A_Severomorsk_RII-MH264749S_2025	2025.11.18	3.00222469410456	3	3	5	8.0789766407119	8	8	10
19296516_A_Croatia_10136RV_2023	20280435_A_Saint-Petersburg_RII-MH264958S_2025	2025.11.26	3.00444938820912	3	3	5	10.0789766407119	10	9	12
19296516_A_Croatia_10136RV_2023	20280566_A_Saint-Petersburg_RII-25-0699S_2025	2025.11.17	4.00222469410456	4	4	6	12.0867630700779	12	12	16
19296516_A_Croatia_10136RV_2023	20281628_A_Saskatchewan_SKFLU469190_2025	2025.11.20	3.00222469410456	3	3	5	10.0800889877642	10	10	12
EPI103320_A_Moscow_10_1999	CY000024_A_New_York_30_2003	2003.12.2	6.02780867630701	6	6	8	42.7552836484983	42	42	50
EPI103320_A_Moscow_10_1999	CY000040_A_New_York_33_2004	2004.1.9	3.03225806451613	3	3	5	44.7575083426029	44	44	52
EPI103320_A_Moscow_10_1999	CY000056_A_New_York_35_2003	2003.12.4	3.02780867630701	3	3	5	42.7708565072303	42	42	50
EPI103320_A_Moscow_10_1999	CY000104_A_New_York_54_2003	2003.12.10	3.03003337041157	3	3	5	42.7463848720801	42	42	50
EPI103320_A_Moscow_10_1999	CY000144_A_New_York_26_2003	2003.12.2	3.02780867630701	3	3	5	41.761957730812	41	41	49
EPI103320_A_Moscow_10_1999	CY000216_A_New_York_91_2002	2002.1.17	2.02224694104561	2	2	4	29.6440489432703	29	29	37
EPI103320_A_Moscow_10_1999	CY000272_A_New_York_53_2003	2003.12.11	3.02780867630701	3	3	5	40.7486095661846	40	40	48
EPI103320_A_Moscow_10_1999	CY000352_A_New_York_15_2003	2003.11.12	4.03003337041157	4	4	6	42.7486095661846	42	42	50
EPI103320_A_Moscow_10_1999	CY000512_A_New_York_4_2003	2003.12.8	5.02780867630701	5	5	7	42.7463848720801	42	42	50
EPI103320_A_Moscow_10_1999	CY000552_A_New_York_115_2002	2002.2.7	2.02224694104561	2	2	4	32.6240266963293	32	32	40
EPI103320_A_Moscow_10_1999	CY000768_A_New_York_10_2004	2004.1.30	4.02780867630701	4	4	6	43.7908787541713	43	43	51
EPI103320_A_Moscow_10_1999	CY000872_A_New_York_193_2003	2003.2.19	3.03337041156841	3	3	5	33.9143492769744	33	31	49
EPI103320_A_Moscow_10_1999	CY000908_A_New_York_13_2003	2003.11.12	5.03003337041157	5	5	7	43.7508342602892	43	43	51
EPI103320_A_Moscow_10_1999	CY001036_A_New_York_6_2004	2004.1.6	4.02780867630701	4	4	6	43.7908787541713	43	43	51
EPI103320_A_Moscow_10_1999	CY001095_A_New_York_24_2003	2003.12.1	4.02780867630701	4	4	6	42.7508342602892	42	42	50
EPI103320_A_Moscow_10_1999	CY001196_A_New_York_18_2003	2003.12.1	3.02780867630701	3	3	5	42.7530589543938	42	42	50
EPI103320_A_Moscow_10_1999	CY001300_A_New_York_37_2003	2003.12.4	3.03003337041157	3	3	5	43.7486095661846	43	43	51
EPI103320_A_Moscow_10_1999	CY001559_A_New_York_215_2003	2003.4.22	4.03448275862069	4	4	6	44.0244716351502	43	43	51
EPI103320_A_Moscow_10_1999	CY002335_A_New_York_77_2001	2001.12.26	2.02224694104561	2	2	4	35.6262513904338	35	35	43
EPI103320_A_Moscow_10_1999	CY002351_A_New_York_272_2003	2003.11.28	3.03003337041157	3	3	5	43.7486095661846	43	43	51
EPI103320_A_Moscow_10_1999	CY003287_A_New_York_438_2000	2000.1.18	1.01223581757508	1	1	3	19.2191323692992	19	17	23
EPI103320_A_Moscow_10_1999	CY006386_A_New_York_467_2004	2004.9.17	4.01557285873192	4	4	6	28.3392658509455	28	27	32
EPI103320_A_Moscow_10_1999	CY009267_A_New_York_499_2004	2004.1.15	3.02780867630701	3	3	5	45.7908787541713	45	45	53
EPI103320_A_Moscow_10_1999	CY013812_A_New_York_C4_2002	2002.2.1	3.02224694104561	3	3	5	32.6384872080089	32	32	40
EPI103320_A_Moscow_10_1999	CY032968_A_Yucatan_844_2003	2003.3.19	2.01334816462736	2	2	4	27.4749721913237	27	26	33
EPI103320_A_Moscow_10_1999	CY038574_A_Hong_Kong_HKU2_2004	2004.2.13	4.03003337041157	4	4	6	42.7875417130145	42	42	50
EPI103320_A_Moscow_10_1999	CY038614_A_Hong_Kong_HKU19_2004	2004.6.1	5.0111234705228	5	5	7	28.53170189099	28	27	34
EPI103320_A_Moscow_10_1999	CY038622_A_Hong_Kong_HKU20_2004	2004.6.15	4.0111234705228	4	4	6	30.5116796440489	30	29	36
EPI103320_A_Moscow_10_1999	CY038638_A_Hong_Kong_HKU29_2004	2004.7.21	4.0111234705228	4	4	6	29.5450500556174	29	28	35
EPI103320_A_Moscow_10_1999	CY038646_A_Hong_Kong_HKU31_2004	2004.7.30	4.0111234705228	4	4	6	29.5072302558398	29	28	35
EPI103320_A_Moscow_10_1999	CY038654_A_Hong_Kong_HKU34_2004	2004.8.18	4.0111234705228	4	4	6	29.5050055617353	29	28	35
EPI103320_A_Moscow_10_1999	CY038950_A_Hong_Kong_HKU4_2004	2004.3.1	3.01334816462736	3	3	5	28.4727474972191	28	27	36
EPI103320_A_Moscow_10_1999	CY038958_A_Hong_Kong_HKU6_2004	2004.3.6	3.02002224694105	3	3	5	25.3414905450501	25	24	29
EPI103320_A_Moscow_10_1999	CY038990_A_Hong_Kong_HKU14_2004	2004.4.16	2.02002224694105	2	2	4	26.3314794215795	26	25	30
EPI103320_A_Moscow_10_1999	CY038998_A_Hong_Kong_HKU15_2004	2004.4.23	2.02002224694105	2	2	4	29.3537263626251	29	28	33
EPI103320_A_Moscow_10_1999	CY039014_A_Hong_Kong_HKU21_2004	2004.6.19	4.0111234705228	4	4	6	29.5406006674082	29	28	35
EPI103320_A_Moscow_10_1999	CY039030_A_Hong_Kong_HKU25_2004	2004.7.7	4.0111234705228	4	4	6	29.5072302558398	29	28	35
EPI103320_A_Moscow_10_1999	CY039038_A_Hong_Kong_HKU30_2004	2004.7.22	4.01334816462736	4	4	6	29.5406006674082	29	28	35
EPI103320_A_Moscow_10_1999	CY039166_A_Hong_Kong_HKU5_2004	2004.3.4	3.02780867630701	3	3	5	46.8042269187987	46	46	54
EPI103320_A_Moscow_10_1999	CY039174_A_Hong_Kong_HKU24_2004	2004.7.5	2.02002224694105	2	2	4	30.3503893214683	30	29	34
EPI103320_A_Moscow_10_1999	CY039494_A_Hong_Kong_HKU1_2004	2004.2.10	4.02224694104561	4	4	6	29.3537263626251	29	28	33
EPI103320_A_Moscow_10_1999	CY039502_A_Hong_Kong_HKU32_2004	2004.8.2	4.0111234705228	4	4	6	29.5072302558398	29	28	35
EPI103320_A_Moscow_10_1999	CY040321_A_Hong_Kong_HKU38_2004	2004.9.23	4.0111234705228	4	4	6	31.5072302558398	31	30	37
EPI103320_A_Moscow_10_1999	CY043751_A_Hong_Kong_HKU28_2004	2004.7.17	4.0111234705228	4	4	6	29.5450500556174	29	28	35
EPI103320_A_Moscow_10_1999	CY088027_A_England_425_2003	2003.10.29	7.02780867630701	7	7	9	42.7530589543938	42	42	50
EPI103320_A_Moscow_10_1999	CY088035_A_England_438_2003	2003.11.12	3.02669632925473	3	3	5	41.6840934371524	41	41	49
EPI103320_A_Moscow_10_1999	CY088115_A_England_467_2003	2003.11.6	4.02780867630701	4	4	6	42.7463848720801	42	42	50
EPI103320_A_Moscow_10_1999	CY088131_A_Scotland_78_2003	2003.11.7	3.04226918798665	3	3	5	43.8498331479422	43	41	51
EPI103320_A_Moscow_10_1999	CY088139_A_Scotland_79_2003	2003.11.8	2.02669632925473	2	2	4	40.6840934371524	40	40	48
EPI103320_A_Moscow_10_1999	CY088187_A_England_944_2003	2003.11.17	4.02780867630701	4	4	6	41.7486095661846	41	41	49
EPI103320_A_Moscow_10_1999	CY088251_A_England_525_2003	2003.11.27	5.02780867630701	5	5	7	43.7463848720801	43	43	51
EPI103320_A_Moscow_10_1999	CY088267_A_England_585_2003	2003.11.25	5.02447163515017	5	5	7	29.1345939933259	29	25	35
EPI103320_A_Moscow_10_1999	CY088275_A_England_487_2003	2003.11.24	4.02780867630701	4	4	6	43.7463848720801	43	43	51
EPI103320_A_Moscow_10_1999	CY088291_A_England_491_2003	2003.11.24	4.03003337041157	4	4	6	41.7486095661846	41	41	49
EPI103320_A_Moscow_10_1999	CY088323_A_England_508_2003	2003.11.27	3.02780867630701	3	3	5	43.7753058954394	43	43	51
EPI103320_A_Moscow_10_1999	CY088339_A_England_957_2003	2003.11.28	4.02780867630701	4	4	6	41.7486095661846	41	41	49
EPI103320_A_Moscow_10_1999	CY088363_A_England_558_2003	2003.12.5	6.01779755283648	6	6	8	25.3303670745273	25	24	29
EPI103320_A_Moscow_10_1999	CY088379_A_England_532_2003	2003.11.27	4.03003337041157	4	4	6	41.7486095661846	41	41	49
EPI103320_A_Moscow_10_1999	CY088387_A_England_522_2003	2003.12.12	4.02780867630701	4	4	6	42.7508342602892	42	42	50
EPI103320_A_Moscow_10_1999	CY088403_A_England_547_2003	2003.12.18	2.02669632925473	2	2	4	40.6896551724138	40	40	48
EPI103320_A_Moscow_10_1999	CY090956_A_South_Carolina_NHRC0002_2003	2003.11.13	3.02780867630701	3	3	5	41.7530589543938	41	41	49
EPI103320_A_Moscow_10_1999	CY091124_A_Missouri_NHRC0002_2004	2004.1.9	4.03003337041157	4	4	6	44.7675194660734	44	43	52
EPI103320_A_Moscow_10_1999	CY091468_A_California_NHRC0006_2003	2003.12.10	3.02780867630701	3	3	5	40.7441601779755	40	40	48
EPI103320_A_Moscow_10_1999	CY092216_A_Georgia_NHRC0001_2003	2003.12.5	3.02780867630701	3	3	5	42.7530589543938	42	42	50
EPI103320_A_Moscow_10_1999	CY107095_A_England_470_2003	2003.11.5	4.02780867630701	4	4	6	41.7463848720801	41	41	49
EPI103320_A_Moscow_10_1999	CY107111_A_England_516_2003	2003.11.20	2.02669632925473	2	2	4	40.6840934371524	40	40	48
EPI103320_A_Moscow_10_1999	CY107151_A_England_493_2003	2003.11.23	5.02780867630701	5	5	7	44.7486095661846	44	44	52
EPI103320_A_Moscow_10_1999	CY107167_A_England_532_2003	2003.11.27	4.02780867630701	4	4	6	41.7463848720801	41	41	49
EPI103320_A_Moscow_10_1999	CY112948_A_Netherlands_1_2002	2002.1.7	4.03781979977753	4	4	6	37.7641824249166	37	37	46
EPI103320_A_Moscow_10_1999	CY114324_A_Netherlands_3_2000	2000.1.6	2.01001112347052	2	2	4	18.2758620689655	18	18	22
EPI103320_A_Moscow_10_1999	CY114340_A_Netherlands_126_2001	2001.3.21	3.01223581757508	3	3	5	8.08898776418243	8	8	12
EPI103320_A_Moscow_10_1999	EPI358781_A_Fujian_411_2002	2002.7.1	3.01334816462736	3	3	5	26.4293659621802	26	25	32
EPI103320_A_Moscow_10_1999	EPI367109_A_California_7_2004	2004.9.16	2.02002224694105	2	2	4	33.3448275862069	33	32	37
EPI103320_A_Moscow_10_1999	KJ855376_A_Mexico_DIF835_2003	2003.7.4	3.01334816462736	3	3	5	31.4727474972191	31	29	39
EPI103320_A_Moscow_10_1999	KJ855448_A_Mexico_DIF2662_2003	2003.12.15	3.02780867630701	3	3	5	42.7463848720801	42	42	50
EPI358781_A_Fujian_411_2002	CY002007_A_New_York_359_2005	2005.1.17	2.0111234705228	2	2	4	21.2714126807564	21	21	25
EPI358781_A_Fujian_411_2002	CY002015_A_New_York_361_2005	2005.2.2	2.0111234705228	2	2	4	18.2480533926585	18	18	22
EPI358781_A_Fujian_411_2002	CY002079_A_New_York_396_2005	2005.3.4	2.0111234705228	2	2	4	19.3081201334816	19	19	23
EPI358781_A_Fujian_411_2002	CY002199_A_New_York_366_2004	2004.12.20	2.0111234705228	2	2	4	23.2480533926585	23	23	27
EPI358781_A_Fujian_411_2002	CY002231_A_New_York_372_2004	2004.12.22	2.0111234705228	2	2	4	19.2547274749722	19	19	25
EPI358781_A_Fujian_411_2002	CY002255_A_New_York_381_2004	2004.12.28	2.0111234705228	2	2	4	17.2413793103448	17	17	21
EPI358781_A_Fujian_411_2002	CY002263_A_New_York_383_2004	2004.12.29	1.0111234705228	1	1	3	21.2447163515017	21	21	25
EPI358781_A_Fujian_411_2002	CY002447_A_New_York_365_2004	2004.12.16	4.00889877641824	4	4	6	20.2614015572859	20	20	24
EPI358781_A_Fujian_411_2002	CY002463_A_New_York_373_2005	2005.2.22	1.01557285873192	1	1	3	20.2769744160178	20	20	24
EPI358781_A_Fujian_411_2002	CY002599_A_New_York_377_2004	2004.12.20	3.0111234705228	3	3	5	19.2391546162403	19	19	23
EPI358781_A_Fujian_411_2002	CY002719_A_New_York_319_2004	2004.11.8	3.00889877641824	3	3	5	20.2436040044494	20	20	24
EPI358781_A_Fujian_411_2002	CY002791_A_New_York_232_2004	2004.12.9	2.0111234705228	2	2	4	17.2413793103448	17	17	21
EPI358781_A_Fujian_411_2002	CY003079_A_New_York_123_2004	2004.12.16	3.0111234705228	3	3	5	19.2413793103448	19	19	23
EPI358781_A_Fujian_411_2002	CY003647_A_New_York_463_2005	2005.2.9	3.0111234705228	3	3	5	19.2680756395996	19	19	23
EPI358781_A_Fujian_411_2002	CY003671_A_New_York_471_2004	2004.11.8	6.0111234705228	6	6	8	17.245828698554	17	17	21
EPI358781_A_Fujian_411_2002	CY006091_A_New_York_465_2005	2005.3.8	4.01557285873192	4	4	6	20.245828698554	20	20	24
EPI358781_A_Fujian_411_2002	CY019156_A_New_York_900_2004	2004.12.22	2.0111234705228	2	2	4	19.2547274749722	19	19	25
EPI358781_A_Fujian_411_2002	CY019164_A_New_York_900_2004	2004.12.22	2.0111234705228	2	2	4	19.2547274749722	19	19	25
EPI358781_A_Fujian_411_2002	CY019180_A_New_York_905_2004	2004.12.27	2.0111234705228	2	2	4	17.2413793103448	17	17	21
EPI358781_A_Fujian_411_2002	CY019260_A_New_York_908_2004	2004.12.27	2.0111234705228	2	2	4	17.2413793103448	17	17	21
EPI358781_A_Fujian_411_2002	CY019300_A_New_York_913_2005	2005.1.10	2.01334816462736	2	2	4	19.2413793103448	19	19	23
EPI358781_A_Fujian_411_2002	CY019308_A_New_York_918_2005	2005.1.10	2.01334816462736	2	2	4	19.2413793103448	19	19	23
EPI358781_A_Fujian_411_2002	CY019324_A_New_York_918_2005	2005.1.10	2.01334816462736	2	2	4	19.2413793103448	19	19	23
EPI358781_A_Fujian_411_2002	CY020540_A_New_York_913_2005	2005.1.10	2.01334816462736	2	2	4	19.2413793103448	19	19	23
EPI358781_A_Fujian_411_2002	CY038686_A_Hong_Kong_HKU42_2005	2005.1.6	3.00222469410456	3	3	5	12.0800889877642	12	11	14
EPI358781_A_Fujian_411_2002	CY038702_A_Hong_Kong_HKU62_2005	2005.5.13	1.00889877641824	1	1	3	21.2536151279199	21	21	25
EPI358781_A_Fujian_411_2002	CY038710_A_Hong_Kong_HKU65_2005	2005.5.17	2.00889877641824	2	2	4	23.2602892102336	23	23	27
EPI358781_A_Fujian_411_2002	CY038718_A_Hong_Kong_HKU67_2005	2005.5.23	1.00889877641824	1	1	3	22.2625139043382	22	22	26
EPI358781_A_Fujian_411_2002	CY038734_A_Hong_Kong_HKU69_2005	2005.5.27	2.00889877641824	2	2	4	24.2558398220245	24	24	28
EPI358781_A_Fujian_411_2002	CY038742_A_Hong_Kong_HKU70_2005	2005.5.30	2.0111234705228	2	2	4	22.2602892102336	22	22	26
EPI358781_A_Fujian_411_2002	CY038758_A_Hong_Kong_HKU79_2005	2005.7.16	1.00889877641824	1	1	3	24.2747497219132	24	24	28
EPI358781_A_Fujian_411_2002	CY039054_A_Hong_Kong_HKU40_2004	2004.11.23	3.00222469410456	3	3	5	13.0645161290323	13	12	15
EPI358781_A_Fujian_411_2002	CY039062_A_Hong_Kong_HKU45_2005	2005.3.7	1.01557285873192	1	1	3	20.2691879866518	20	20	24
EPI358781_A_Fujian_411_2002	CY039070_A_Hong_Kong_HKU47_2005	2005.3.19	1.00889877641824	1	1	3	24.2680756395996	24	24	30
EPI358781_A_Fujian_411_2002	CY039214_A_Hong_Kong_HKU58_2005	2005.5.5	1.00889877641824	1	1	3	21.2602892102336	21	21	25
EPI358781_A_Fujian_411_2002	CY039230_A_Hong_Kong_HKU61_2005	2005.5.11	2.00889877641824	2	2	4	20.2625139043382	20	20	26
EPI358781_A_Fujian_411_2002	CY039238_A_Hong_Kong_HKU63_2005	2005.5.14	2.00889877641824	2	2	4	21.2625139043382	21	21	25
EPI358781_A_Fujian_411_2002	CY040329_A_Hong_Kong_HKU52_2005	2005.4.16	3.00889877641824	3	3	5	20.2647385984427	20	20	24
EPI358781_A_Fujian_411_2002	CY040345_A_Hong_Kong_HKU75_2005	2005.6.17	2.00889877641824	2	2	4	21.2558398220245	21	21	25
EPI358781_A_Fujian_411_2002	CY040353_A_Hong_Kong_HKU76_2005	2005.6.21	2.0111234705228	2	2	4	23.2602892102336	23	23	27
EPI358781_A_Fujian_411_2002	CY040361_A_Hong_Kong_HKU77_2005	2005.6.29	1.0111234705228	1	1	3	24.2591768631813	24	23	28
EPI358781_A_Fujian_411_2002	CY043767_A_Hong_Kong_HKU72_2005	2005.6.1	2.0111234705228	2	2	4	21.2625139043382	21	21	25
EPI358781_A_Fujian_411_2002	CY043775_A_Hong_Kong_HKU78_2005	2005.7.9	1.00889877641824	1	1	3	22.2536151279199	22	22	26
EPI358781_A_Fujian_411_2002	CY044404_A_Hong_Kong_HKU73_2005	2005.6.2	4.00444938820912	4	4	6	14.0812013348165	14	13	18
EPI358781_A_Fujian_411_2002	CY090996_A_South_Carolina_NHRC0001_2005	2005.2.11	1.0111234705228	1	1	3	23.258064516129	23	21	27
EPI358781_A_Fujian_411_2002	CY091012_A_Illinois_NHRC0001_2005	2005.4.6	1.0111234705228	1	1	3	24.2558398220245	24	22	28
EPI358781_A_Fujian_411_2002	CY091140_A_Texas_NHRC0001_2005	2005.2.16	2.01557285873192	2	2	4	20.3192436040044	20	20	24
EPI358781_A_Fujian_411_2002	CY091316_A_Hong_Kong_NHRC0001_2005	2005.6.15	2.00889877641824	2	2	4	24.3114571746385	24	24	28
EPI358781_A_Fujian_411_2002	CY091436_A_California_NHRC0002_2005	2005.2.7	2.00889877641824	2	2	4	17.2558398220245	17	17	21
EPI358781_A_Fujian_411_2002	CY100575_A_Mexico_InDRE2246_2005	2005.9.11	2.0111234705228	2	2	4	27.2625139043382	27	27	31
EPI358781_A_Fujian_411_2002	CY112996_A_Netherlands_132_2004	2004.12.4	2.0111234705228	2	2	4	21.2513904338153	21	21	25
EPI358781_A_Fujian_411_2002	EPI502253_A_Wisconsin_67_2005	2005.1.1	1.0111234705228	1	1	3	24.2625139043382	24	24	28
EPI358781_A_Fujian_411_2002	KJ855424_A_Mexico_QUE2270_2005	2005.8.11	2.00889877641824	2	2	4	26.2647385984427	26	26	30
EPI358781_A_Fujian_411_2002	KJ855472_A_Mexico_TLA2227_2005	2005.9.11	2.00889877641824	2	2	4	27.2602892102336	27	27	31
EPI367109_A_California_7_2004	CY019866_A_New_York_938_2006	2006.3.2	0.00667408231368187	0	0	2	17.0467185761958	17	17	19
EPI367109_A_California_7_2004	CY020372_A_New_York_938_2006	2006.3.2	0.00667408231368187	0	0	2	17.0467185761958	17	17	19
EPI367109_A_California_7_2004	CY091036_A_Illinois_NHRC0002_2005	2005.12.23	4.0111234705228	4	4	6	31.3681868743048	31	30	37
EPI367109_A_California_7_2004	CY091532_A_California_NHRC0006_2005	2005.12.2	0.00667408231368187	0	0	2	11.0333704115684	11	11	13
EPI367109_A_California_7_2004	CY113004_A_Netherlands_548_2005	2005.12.26	2.00667408231368	2	2	4	14.0400444938821	14	14	16
EPI367109_A_California_7_2004	CY172198_A_New_York_1001_2005	2005.11.10	4.0111234705228	4	4	6	29.377085650723	29	28	35
EPI367109_A_California_7_2004	CY172390_A_New_York_1028_2006	2006.2.20	2.0111234705228	2	2	4	11.1279199110122	11	11	15
EPI502253_A_Wisconsin_67_2005	CY025428_A_California_UR06_0347_2007	2007.2.19	3.00667408231368	3	3	5	20.1946607341491	20	20	24
EPI502253_A_Wisconsin_67_2005	CY027570_A_Texas_UR06_0358_2007	2007.2.20	3.00667408231368	3	3	5	20.1946607341491	20	20	24
EPI502253_A_Wisconsin_67_2005	CY037310_A_Qatar_AF02_2008	2008.1.29	4.00889877641824	4	4	6	25.2436040044494	25	25	31
EPI502253_A_Wisconsin_67_2005	CY037326_A_Korea_AF05_2008	2008.2.19	3.00667408231368	3	3	5	23.1846496106785	23	22	27
EPI502253_A_Wisconsin_67_2005	CY039406_A_Taiwan_70002_2007	2007.1.2	0.00444938820912125	0	0	2	12.0645161290323	12	12	16
EPI502253_A_Wisconsin_67_2005	CY039414_A_Taiwan_70113_2007	2007.1.15	2.0111234705228	2	2	4	14.083426028921	14	14	16
EPI502253_A_Wisconsin_67_2005	CY040057_A_Taiwan_70307_2007	2007.2.3	1.00889877641824	1	1	3	13.0667408231368	13	13	15
EPI502253_A_Wisconsin_67_2005	CY040073_A_Taiwan_2361_2007	2007.11.12	4.00667408231368	4	4	6	25.2135706340378	25	25	29
EPI502253_A_Wisconsin_67_2005	CY040105_A_Taiwan_70120_2008	2008.1.15	5.00889877641824	5	5	7	25.2113459399333	25	25	29
EPI502253_A_Wisconsin_67_2005	CY044603_A_Boston_40_2008	2008.2.15	3.00667408231368	3	3	5	22.1957730812013	22	21	26
EPI502253_A_Wisconsin_67_2005	CY044827_A_Boston_88_2008	2008.4.16	4.00667408231368	4	4	6	25.5261401557286	25	25	29
EPI502253_A_Wisconsin_67_2005	CY113020_A_Netherlands_377_2008	2008.9.27	5.01334816462736	5	5	7	25.2547274749722	25	25	29
EPI502253_A_Wisconsin_67_2005	CY114404_A_Netherlands_363_2006	2006.12.24	4.00444938820912	4	4	6	15.1457174638487	15	15	19
EPI502253_A_Wisconsin_67_2005	CY114412_A_Netherlands_69_2007	2007.2.19	4.00667408231368	4	4	6	23.1713014460512	23	22	27
EPI502253_A_Wisconsin_67_2005	CY114420_A_Netherlands_348_2007	2007.11.6	3.00667408231368	3	3	5	21.2013348164627	21	20	25
EPI502253_A_Wisconsin_67_2005	CY173286_A_New_York_1155_2008	2008.3.27	5.00667408231368	5	5	7	23.1879866518354	23	23	27
EPI502253_A_Wisconsin_67_2005	EPI577980_A_Brisbane_10_2007	2007.2.6	3.00667408231368	3	3	5	22.1968854282536	22	22	26
EPI577980_A_Brisbane_10_2007	CY050611_A_New_York_3018_2009	2009.4.27	1	1	1	1	13.0845383759733	13	13	17
EPI577980_A_Brisbane_10_2007	CY050731_A_New_York_3143_2009	2009.4.30	1	1	1	1	12.0600667408231	12	12	16
EPI577980_A_Brisbane_10_2007	CY050795_A_New_York_3491_2009	2009.5.11	1	1	1	1	12.0600667408231	12	12	16
EPI577980_A_Brisbane_10_2007	CY050827_A_New_York_3738_2009	2009.5.20	1	1	1	1	12.0600667408231	12	12	16
EPI577980_A_Brisbane_10_2007	CY064830_A_California_VRDL138_2009	2009.4.29	5.01557285873192	5	5	7	17.091212458287	17	17	19
EPI577980_A_Brisbane_10_2007	CY067976_A_California_VRDL339_2009	2009.5.4	3	3	3	3	12.0756395995551	12	12	16
EPI577980_A_Brisbane_10_2007	CY068104_A_California_VRDL368_2009	2009.4.27	2.00667408231368	2	2	4	19.1579532814238	19	19	23
EPI577980_A_Brisbane_10_2007	CY068208_A_California_VRDL170_2009	2009.4.28	3.01334816462736	3	3	5	16.1067853170189	16	16	22
EPI577980_A_Brisbane_10_2007	CY068232_A_California_VRDL188_2009	2009.4.29	1	1	1	1	10.0444938820912	10	10	14
EPI577980_A_Brisbane_10_2007	CY068296_A_California_VRDL247_2009	2009.4.29	2	2	2	2	12.0578420467186	12	12	16
EPI577980_A_Brisbane_10_2007	CY068336_A_California_VRDL260_2009	2009.5.1	1	1	1	1	15.1790878754171	15	15	19
EPI577980_A_Brisbane_10_2007	CY068360_A_California_VRDL263_2009	2009.4.30	1	1	1	1	12.0901001112347	12	12	16
EPI577980_A_Brisbane_10_2007	CY068416_A_California_VRDL277_2009	2009.4.30	3.00222469410456	3	3	5	13.0578420467186	13	13	17
EPI577980_A_Brisbane_10_2007	CY068480_A_California_VRDL309_2009	2009.5.2	3.01334816462736	3	3	5	19.0889877641824	19	19	21
EPI577980_A_Brisbane_10_2007	CY068640_A_California_VRDL394_2009	2009.4.28	1	1	1	1	10.0444938820912	10	10	14
EPI577980_A_Brisbane_10_2007	CY068781_A_California_VRDL205_2009	2009.4.29	1	1	1	1	12.0467185761958	12	12	16
EPI577980_A_Brisbane_10_2007	CY069322_A_Korea_WRAIR1038P_2009	2009.4.9	1	1	1	1	14.0689655172414	14	14	18
EPI577980_A_Brisbane_10_2007	CY069426_A_Japan_WRAIR1140P_2009	2009.2.9	1.00444938820912	1	1	3	12.1001112347052	12	12	16
EPI577980_A_Brisbane_10_2007	CY072221_A_New_York_20343_2010	2010.6.16	3.00444938820912	3	3	5	15.1256952169077	15	15	19
EPI577980_A_Brisbane_10_2007	CY077432_A_California_VRDL356_2009	2009.6.2	2	2	2	2	13.06340378198	13	13	17
EPI577980_A_Brisbane_10_2007	CY084416_A_New_York_3918_2009	2009.6.5	1	1	1	1	12.0645161290323	12	12	16
EPI577980_A_Brisbane_10_2007	CY089740_A_Boston_40_2009	2009.2.27	2	2	2	2	10.0444938820912	10	10	14
EPI577980_A_Brisbane_10_2007	CY089756_A_Boston_75_2009	2009.1.16	3.01557285873192	3	3	5	19.111234705228	19	18	23
EPI577980_A_Brisbane_10_2007	CY093237_A_South_Korea_WRAIR1171P_2009	2009.1.1	2.00222469410456	2	2	4	17.0945494994438	17	17	19
EPI577980_A_Brisbane_10_2007	CY093316_A_Kyrgyzstan_WRAIR1256P_2008	2008.12.1	3.00889877641824	3	3	5	17.0645161290323	17	17	21
EPI577980_A_Brisbane_10_2007	CY093348_A_Kuwait_WRAIR1561P_2009	2009.1.1	1.00222469410456	1	1	3	12.0622914349277	12	12	16
EPI577980_A_Brisbane_10_2007	CY106599_A_Hong_Kong_H090_671_V10_2009	2009.7.6	3.00222469410456	3	3	5	14.1123470522803	14	14	18
EPI577980_A_Brisbane_10_2007	CY106647_A_Hong_Kong_H090_689_V22_2009	2009.7.12	2	2	2	2	16.0645161290323	16	16	20
EPI577980_A_Brisbane_10_2007	CY106655_A_Hong_Kong_H090_692_V10_2009	2009.7.10	1	1	1	1	13.0578420467186	13	13	17
EPI577980_A_Brisbane_10_2007	CY106703_A_Hong_Kong_H090_714_V10_2009	2009.7.15	1	1	1	1	13.0578420467186	13	13	17
EPI577980_A_Brisbane_10_2007	CY106735_A_Hong_Kong_H090_720_V31_2009	2009.7.24	3.00222469410456	3	3	5	15.1101223581758	15	15	19
EPI577980_A_Brisbane_10_2007	CY106743_A_Hong_Kong_H090_724_V10_2009	2009.7.20	1.00222469410456	1	1	3	13.0578420467186	13	13	17
EPI577980_A_Brisbane_10_2007	CY106751_A_Hong_Kong_H090_724_V20_2009	2009.7.22	1	1	1	1	13.0578420467186	13	13	17
EPI577980_A_Brisbane_10_2007	CY106791_A_Hong_Kong_H090_733_V10_2009	2009.7.22	3	3	3	3	14.0622914349277	14	14	18
EPI577980_A_Brisbane_10_2007	CY106847_A_Hong_Kong_H090_739_V22_2009	2009.7.27	2	2	2	2	14.0578420467186	14	14	18
EPI577980_A_Brisbane_10_2007	CY106863_A_Hong_Kong_H090_739_V33_2009	2009.7.29	2	2	2	2	14.0578420467186	14	14	18
EPI577980_A_Brisbane_10_2007	CY106871_A_Hong_Kong_H090_741_V10_2009	2009.7.24	1	1	1	1	16.0645161290323	16	16	20
EPI577980_A_Brisbane_10_2007	CY106879_A_Hong_Kong_H090_747_V10_2009	2009.7.28	1	1	1	1	13.0578420467186	13	13	17
EPI577980_A_Brisbane_10_2007	CY113028_A_Netherlands_69_2009	2009.1.12	3.0166852057842	3	3	5	18.1101223581758	18	18	22
EPI577980_A_Brisbane_10_2007	CY113044_A_Netherlands_761_2009	2009.6.25	3.0111234705228	3	3	5	14.2224694104561	14	14	16
EPI577980_A_Brisbane_10_2007	CY115527_A_Hong_Kong_H090_689_V20_2009	2009.7.12	1	1	1	1	16.0645161290323	16	16	20
EPI577980_A_Brisbane_10_2007	CY115647_A_Hong_Kong_H090_726_V10_2009	2009.7.20	1	1	1	1	13.0578420467186	13	13	17
EPI577980_A_Brisbane_10_2007	CY115687_A_Hong_Kong_H090_734_V32_2009	2009.7.27	1.00222469410456	1	1	3	15.0656284760845	15	15	19
EPI577980_A_Brisbane_10_2007	CY115727_A_Hong_Kong_H090_739_V23_2009	2009.7.27	2	2	2	2	14.0578420467186	14	14	18
EPI577980_A_Brisbane_10_2007	CY115735_A_Hong_Kong_H090_739_V33_2009	2009.7.29	2	2	2	2	14.0578420467186	14	14	18
EPI577980_A_Brisbane_10_2007	CY147666_A_Mexico_24013_2008	2008.12.1	2.00222469410456	2	2	4	9.11345939933259	9	9	11
EPI577980_A_Brisbane_10_2007	EPI577969_A_Perth_16_2009	2009.4.7	2.00111234705228	2	2	3	17.0767519466073	17	17	21
EPI577980_A_Brisbane_10_2007	HQ664917_A_Nanjing_1655_2010	2010.9.10	6.03337041156841	6	6	8	27.4093437152392	27	27	33
EPI577980_A_Brisbane_10_2007	HQ664922_A_Nanjing_1654_2010	2010.9.10	6.02669632925473	6	6	8	24.4794215795328	24	24	30
EPI577980_A_Brisbane_10_2007	HQ664929_A_Nanjing_1663_2010	2010.9.10	6.03337041156841	6	6	8	28.4071190211346	28	28	32
EPI577980_A_Brisbane_10_2007	KY049985_A_Qinghai_178_2010	2010.3.15	4.03114571746385	4	4	6	26.9121245828699	26	26	36
EPI577969_A_Perth_16_2009	CY091580_A_Illinois_NHRC0002_2011	2011.1.19	9.03003337041157	9	9	11	34.3114571746385	34	33	39
EPI577969_A_Perth_16_2009	CY091588_A_California_NHRC0001_2011	2011.1.14	8.03225806451613	8	8	10	31.349276974416	31	30	37
EPI577969_A_Perth_16_2009	CY092272_A_California_NHRC0003_2011	2011.1.28	8.03003337041157	8	8	10	33.3581757508343	33	32	39
EPI577969_A_Perth_16_2009	CY092288_A_California_NHRC0002_2011	2011.1.16	8.03225806451613	8	8	10	32.3559510567297	32	31	38
EPI577969_A_Perth_16_2009	CY093221_A_District_of_Columbia_WRAIR0300_2010	2010.11.17	4.03114571746385	4	4	6	20.2068965517241	20	19	24
EPI577969_A_Perth_16_2009	CY093540_A_Mexico_City_WRAIR3579T_2010	2010.12.9	8.02780867630701	8	8	10	33.2914349276974	33	32	38
EPI577969_A_Perth_16_2009	CY111165_A_Boston_DOA05_2011	2011.1.11	9.03003337041157	9	9	11	31.349276974416	31	30	37
EPI577969_A_Perth_16_2009	CY111309_A_Boston_DOA48_2011	2011.2.16	4.00778642936596	4	4	6	16.1323692992214	16	16	20
EPI577969_A_Perth_16_2009	CY111317_A_Boston_DOA51_2011	2011.2.18	3.00778642936596	3	3	5	20.1357063403782	20	18	24
EPI577969_A_Perth_16_2009	CY111421_A_Boston_DOA78_2011	2011.3.14	10.0300333704116	10	10	12	32.349276974416	32	31	38
EPI577969_A_Perth_16_2009	CY114428_A_Netherlands_063_2011	2011.1.5	4.03448275862069	4	4	6	32.539488320356	32	32	38
EPI577969_A_Perth_16_2009	CY114516_A_Netherlands_034_2010	2010.12.23	5.00333704115684	5	5	7	20.1290322580645	20	20	24
EPI577969_A_Perth_16_2009	CY134520_A_Boston_DOA38_2011	2011.2.12	9.03003337041157	9	9	11	32.3470522803115	32	31	38
EPI577969_A_Perth_16_2009	CY134568_A_Boston_DOA47_2011	2011.2.14	8.03003337041157	8	8	10	35.3503893214683	35	34	41
EPI577969_A_Perth_16_2009	CY167515_A_Tennessee_F2018A_2011	2011.1.24	8.03225806451613	8	8	10	32.3626251390434	32	31	38
EPI577969_A_Perth_16_2009	CY167571_A_Tennessee_F2031A_2011	2011.2.7	9.02780867630701	9	9	11	32.3581757508343	32	31	38
EPI577969_A_Perth_16_2009	EPI417234_A_Victoria_361_2011	2011.10.24	4.01223581757508	4	4	6	31.273637374861	31	31	35
EPI577969_A_Perth_16_2009	EPI556813_A_Texas_50_2012	2012.4.15	4.01001112347052	4	4	6	29.1902113459399	29	29	33
EPI577969_A_Perth_16_2009	KC882441_A_Iowa_19_2010	2010.12.30	8.02780867630701	8	8	10	33.3337041156841	33	32	39
EPI577969_A_Perth_16_2009	KC882476_A_Texas_24_2010	2010.12.31	10.027808676307	10	10	12	31.3359288097887	31	30	37
EPI577969_A_Perth_16_2009	KC882565_A_New_Jersey_01_2011	2011.1.11	3.0055617352614	3	3	5	19.1312569521691	19	19	23
EPI577969_A_Perth_16_2009	KC882641_A_Texas_06_2011	2011.2.5	8.03670745272525	8	8	10	32.3592880978865	32	31	38
EPI577969_A_Perth_16_2009	KC892843_A_Nevada_12_2012	2012.3.30	8.03448275862069	8	8	10	36.4060066740823	36	35	42
EPI577969_A_Perth_16_2009	KR137644_A_Bethesda_NIH12_2011	2011.2.15	5.0055617352614	5	5	7	22.2124582869855	22	22	26
EPI577969_A_Perth_16_2009	KT888257_A_Moscow_1514A00504942N_2012	2012.1.19	5.0055617352614	5	5	7	22.2614015572859	22	22	26
EPI577969_A_Perth_16_2009	KT888258_A_Moscow_1514A00504950T_2012	2012.1.11	5.0055617352614	5	5	7	22.3626251390434	22	22	30
EPI577969_A_Perth_16_2009	KT888259_A_Moscow_1514A00505149T_2012	2012.4.12	8.90100111234705	9	7	11	28.273637374861	28	28	32
EPI577969_A_Perth_16_2009	KT888260_A_Moscow_1514A00505153N_2012	2012.3.23	8.90100111234705	9	7	11	28.2714126807564	28	28	32
EPI577969_A_Perth_16_2009	KT888261_A_Moscow_1514A00505162N_2012	2012.4.13	8.90100111234705	9	7	11	28.273637374861	28	28	32
EPI577969_A_Perth_16_2009	KT888262_A_Mexico_City_1514A00904139N_CP2_2010	2010.12.29	8.02892102335929	8	8	10	33.2413793103448	33	31	38
EPI577969_A_Perth_16_2009	KT888267_A_Amman_1514A01004462T_2012	2012.1.11	5.01001112347052	5	5	7	29.3381535038932	29	29	35
EPI577969_A_Perth_16_2009	KT888268_A_Amman_1514A01004465T_2011	2011.12.5	5.01001112347052	5	5	7	30.2869855394883	30	30	34
EPI577969_A_Perth_16_2009	KT888275_A_Hong_Kong_1514A01704826T_2011	2011.11.15	4.00778642936596	4	4	6	29.1423804226919	29	29	33
EPI577969_A_Perth_16_2009	KT888279_A_Prague_1514A06404885N_2012	2012.4.12	4.00889877641824	4	4	6	30.166852057842	30	30	34
EPI577969_A_Perth_16_2009	KT888281_A_Sarajevo_1514A06604486N_2012	2012.1.11	8.03448275862069	8	8	10	37.3971078976641	37	36	43
EPI577969_A_Perth_16_2009	KT888283_A_Budapest_1514A07804502N_2011	2011.12.12	5.00333704115684	5	5	7	19.3236929922136	19	19	25
EPI577969_A_Perth_16_2009	KT888944_A_Yokosuka_SE680_2012	2012.1.24	4.0055617352614	4	4	6	19.3626251390434	19	19	25
EPI577969_A_Perth_16_2009	KT888945_A_Yokosuka_SE863_2012	2012.2.3	4.00778642936596	4	4	6	24.3403781979978	24	24	32
EPI577969_A_Perth_16_2009	KT889082_A_Japan_17_2012	2012.1.31	4.00333704115684	4	4	6	20.3337041156841	20	20	26
EPI577969_A_Perth_16_2009	KT889083_A_Korea_18_2012	2012.1.24	5.00778642936596	5	5	7	26.1890989988877	26	26	30
EPI577969_A_Perth_16_2009	KT889087_A_Japan_22_2011	2011.12.20	8.03003337041157	8	8	10	35.3470522803115	35	34	41
EPI577969_A_Perth_16_2009	KT889091_A_Japan_26_2012	2012.3.5	4.90767519466073	5	3	7	26.1835372636263	26	26	30
EPI577969_A_Perth_16_2009	KT889099_A_Korea_37_2012	2012.1.19	4.01223581757508	4	4	6	29.6295884315907	29	29	33
EPI577969_A_Perth_16_2009	KT889102_A_Kyrgyzstan_40_2012	2012.1.12	4.01001112347052	4	4	6	27.1979977753059	27	27	31
EPI577969_A_Perth_16_2009	KT889103_A_Kyrgyzstan_41_2012	2012.1.12	4.01001112347052	4	4	6	28.1979977753059	28	28	32
EPI577969_A_Perth_16_2009	KT889104_A_Japan_42_2012	2012.1.31	4.00333704115684	4	4	6	20.3359288097887	20	20	26
EPI577969_A_Perth_16_2009	KT889105_A_Japan_43_2012	2012.2.5	4.00333704115684	4	4	6	20.3337041156841	20	20	26
EPI577969_A_Perth_16_2009	KT889107_A_Korea_45_2012	2012.1.13	4.00333704115684	4	4	6	20.3526140155729	20	20	28
EPI577969_A_Perth_16_2009	KT889108_A_Korea_47_2012	2012.1.20	5.00778642936596	5	5	7	27.1957730812013	27	27	31
EPI577969_A_Perth_16_2009	MK640845_A_China_38887_2012	2012.8.29	5.0166852057842	5	5	7	33.1635150166852	33	33	37
EPI577969_A_Perth_16_2009	MK640846_A_China_38888_2012	2012.8.29	5.01446051167964	5	5	7	32.1790878754171	32	32	36
EPI577969_A_Perth_16_2009	MK640847_A_China_39207_2012	2012.9.26	5.01001112347052	5	5	7	35.1446051167964	35	35	39
EPI577969_A_Perth_16_2009	MK729833_A_New_York_WC_LVD_10_001_2010	2010.11.4	3.00333704115684	3	3	5	18.12680756396	18	18	22
EPI577969_A_Perth_16_2009	MK729873_A_New_York_WC_LVD_10_006_2010	2010.12.16	3.01223581757508	3	3	5	17.1179087875417	17	16	21
EPI417234_A_Victoria_361_2011	CY134779_A_Texas_JMM_8_2012	2012.11.20	10.0444938820912	10	10	12	56.5650723025584	56	55	62
EPI417234_A_Victoria_361_2011	CY135131_A_Texas_JMM_54_2012	2012.12.6	0.00444938820912125	0	0	2	19.1179087875417	19	19	21
EPI417234_A_Victoria_361_2011	CY148427_A_Boston_DOA2_112_2012	2012.12.4	3.00444938820912	3	3	5	16.1446051167964	16	16	20
EPI417234_A_Victoria_361_2011	CY148547_A_Boston_DOA2_128_2012	2012.12.18	4.00444938820912	4	4	6	14.146829810901	14	14	18
EPI417234_A_Victoria_361_2011	CY148707_A_Boston_DOA2_149_2013	2013.1.9	2.00444938820912	2	2	4	17.1501668520578	17	17	21
EPI417234_A_Victoria_361_2011	CY148787_A_Boston_DOA2_161_2013	2013.1.2	2.0111234705228	2	2	4	17.1345939933259	17	17	21
EPI417234_A_Victoria_361_2011	CY148923_A_Boston_DOA2_180_2013	2013.1.13	0.00444938820912125	0	0	2	18.2903225806452	18	18	22
EPI417234_A_Victoria_361_2011	CY149131_A_Boston_DOA2_218_2013	2013.1.15	0.00889877641824249	0	0	2	18.1212458286986	18	17	20
EPI417234_A_Victoria_361_2011	CY149323_A_Boston_DOA2_245_2013	2013.1.25	0.00444938820912125	0	0	2	17.3948832035595	17	17	23
EPI417234_A_Victoria_361_2011	CY167934_A_Boston_YGA_00008_2012	2012.12.19	0.00444938820912125	0	0	2	19.1156840934372	19	19	21
EPI417234_A_Victoria_361_2011	CY168094_A_Boston_YGA_00035_2013	2013.1.10	1.00444938820912	1	1	3	18.2947719688543	18	18	22
EPI417234_A_Victoria_361_2011	CY168238_A_Boston_YGA_00054_2013	2013.1.24	1.00444938820912	1	1	3	18.1434927697442	18	18	20
EPI417234_A_Victoria_361_2011	CY168846_A_Boston_YGA_01045_2012	2012.12.25	12.0444938820912	12	12	14	59.5906562847608	59	58	65
EPI417234_A_Victoria_361_2011	CY168878_A_Boston_YGA_01049_2012	2012.12.26	0.00444938820912125	0	0	2	19.1179087875417	19	19	21
EPI417234_A_Victoria_361_2011	CY169366_A_Boston_YGA_01115_2013	2013.1.1	1.00444938820912	1	1	3	19.1201334816463	19	19	21
EPI417234_A_Victoria_361_2011	CY169798_A_Boston_YGA_01173_2013	2013.1.17	0.00889877641824249	0	0	2	18.1212458286986	18	17	20
EPI417234_A_Victoria_361_2011	CY169878_A_Boston_YGA_01186_2013	2013.1.21	1.00667408231368	1	1	3	17.12680756396	17	17	19
EPI417234_A_Victoria_361_2011	CY170126_A_Boston_YGA_02003_2012	2012.12.17	1.00444938820912	1	1	3	18.1212458286986	18	18	20
EPI417234_A_Victoria_361_2011	CY170350_A_Boston_YGA_02039_2013	2013.1.19	0.00667408231368187	0	0	2	15.1379310344828	15	15	19
EPI417234_A_Victoria_361_2011	CY170574_A_Santa_Clara_YGA_03016_2013	2013.1.17	0.00444938820912125	0	0	2	19.1290322580645	19	19	21
EPI417234_A_Victoria_361_2011	CY170998_A_Santa_Clara_YGA_03074_2013	2013.1.8	0.00667408231368187	0	0	2	18.1334816462736	18	18	20
EPI417234_A_Victoria_361_2011	CY171246_A_Chicago_YGA_04053_2012	2012.12.18	0.00889877641824249	0	0	2	18.1179087875417	18	18	20
EPI417234_A_Victoria_361_2011	CY171270_A_Chicago_YGA_04056_2012	2012.12.18	0.00444938820912125	0	0	2	16.1201334816463	16	16	18
EPI417234_A_Victoria_361_2011	CY171342_A_Chicago_YGA_04090_2012	2012.12.26	0.00444938820912125	0	0	2	17.1201334816463	17	17	19
EPI417234_A_Victoria_361_2011	CY171406_A_Chicago_YGA_04102_2012	2012.12.27	2.00444938820912	2	2	4	17.1156840934372	17	17	19
EPI417234_A_Victoria_361_2011	CY171638_A_Chicago_YGA_04135_2013	2013.1.3	1.00444938820912	1	1	3	18.1201334816463	18	18	20
EPI417234_A_Victoria_361_2011	CY171734_A_Chicago_YGA_04198_2013	2013.1.23	11.0511679644049	11	11	13	59.59510567297	59	58	65
EPI417234_A_Victoria_361_2011	CY182800_A_Houston_JMM_74_2012	2012.12.15	1.00444938820912	1	1	3	18.1179087875417	18	18	20
EPI417234_A_Victoria_361_2011	CY182848_A_Houston_JMM_80_2012	2012.12.18	0.00444938820912125	0	0	2	18.1201334816463	18	18	20
EPI417234_A_Victoria_361_2011	CY182880_A_Houston_JMM_85_2012	2012.12.19	0.00444938820912125	0	0	2	19.1179087875417	19	19	21
EPI417234_A_Victoria_361_2011	CY182960_A_Houston_JMM_96_2012	2012.12.29	0.00444938820912125	0	0	2	19.1201334816463	19	19	21
EPI417234_A_Victoria_361_2011	CY183136_A_Houston_JMM_120_2013	2013.1.8	1.00889877641824	1	1	3	16.1334816462736	16	16	20
EPI417234_A_Victoria_361_2011	CY207362_A_New_York_WC_LVD_14_073_2014	2014.12.3	2.00667408231368	2	2	4	24.1423804226919	24	24	26
EPI417234_A_Victoria_361_2011	CY207634_A_New_York_WC_LVD_14_094_2014	2014.12.26	1.00667408231368	1	1	3	24.1890989988877	25	23	29
EPI417234_A_Victoria_361_2011	CY207882_A_New_York_WC_LVD_14_097_2014	2014.11.10	2.00667408231368	2	2	4	27.1434927697442	27	27	29
EPI417234_A_Victoria_361_2011	EPI614441_A_Switzerland_9715293_2013	2013.12.6	0.00667408231368187	0	0	2	22.1501668520578	22	22	24
EPI417234_A_Victoria_361_2011	KF034876_A_Suzhou_1275_2013	2013.4.4	0.00444938820912125	0	0	2	17.154616240267	17	16	21
EPI417234_A_Victoria_361_2011	KR057629_A_Hawaii_39_2014	2014.8.13	1.04894327030033	1	1	3	30.2992213570634	30	30	34
EPI417234_A_Victoria_361_2011	KR057691_A_California_18_2014	2014.8.8	1.05116796440489	1	1	3	26.265850945495	26	26	32
EPI417234_A_Victoria_361_2011	KT835748_A_Maryland_02_2015	2015.1.24	2.0111234705228	2	2	4	24.1601779755284	24	24	28
EPI417234_A_Victoria_361_2011	KT835964_A_California_20_2015	2015.1.20	2.02224694104561	2	2	4	23.2157953281424	23	23	27
EPI417234_A_Victoria_361_2011	KT836015_A_North_Carolina_25_2015	2015.1.25	4.00667408231368	4	4	6	22.1512791991101	22	22	24
EPI417234_A_Victoria_361_2011	KT836198_A_North_Carolina_03_2015	2015.1.20	2.00889877641824	2	2	4	26.1512791991101	26	26	28
EPI417234_A_Victoria_361_2011	KT836316_A_West_Virginia_07_2015	2015.1.25	2.00889877641824	2	2	4	27.1501668520578	27	27	29
EPI417234_A_Victoria_361_2011	KT836426_A_Iowa_12_2015	2015.1.30	2.00667408231368	2	2	4	26.1490545050056	26	26	28
EPI417234_A_Victoria_361_2011	KT837113_A_California_19_2014	2014.9.4	0.00667408231368187	0	0	2	29.1757508342603	29	29	32
EPI417234_A_Victoria_361_2011	KT837844_A_Colorado_15_2014	2014.10.4	2.00667408231368	2	2	4	24.1401557285873	24	24	26
EPI417234_A_Victoria_361_2011	KT837873_A_Mississippi_05_2014	2014.10.14	3.00889877641824	3	3	5	25.1512791991101	25	25	27
EPI417234_A_Victoria_361_2011	KT838103_A_Maryland_28_2014	2014.10.14	4.00667408231368	4	4	6	26.146829810901	26	26	28
EPI417234_A_Victoria_361_2011	KT838296_A_Minnesota_28_2014	2014.10.18	2.00667408231368	2	2	4	22.1490545050056	22	22	24
EPI417234_A_Victoria_361_2011	KT838328_A_Louisiana_11_2014	2014.10.21	3.02224694104561	3	3	5	24.1979977753059	24	24	28
EPI417234_A_Victoria_361_2011	KT838891_A_Georgia_04_2014	2014.11.20	2.00667408231368	2	2	4	24.1535038932147	24	24	26
EPI417234_A_Victoria_361_2011	KT838993_A_Missouri_11_2014	2014.11.18	2.02224694104561	2	2	4	23.2091212458287	23	23	27
EPI417234_A_Victoria_361_2011	KT839062_A_Texas_62_2014	2014.11.3	2.00667408231368	2	2	4	23.1490545050056	23	23	25
EPI417234_A_Victoria_361_2011	KT839395_A_Pennsylvania_49_2014	2014.11.28	1.04894327030033	1	1	3	30.2769744160178	30	30	36
EPI417234_A_Victoria_361_2011	KT839657_A_Alabama_10_2014	2014.12.4	2.00667408231368	2	2	4	25.1512791991101	25	25	27
EPI417234_A_Victoria_361_2011	KT840076_A_Tennessee_15_2014	2014.12.9	2.00667408231368	2	2	4	22.146829810901	22	22	24
EPI417234_A_Victoria_361_2011	KT840285_A_Virginia_37_2014	2014.12.5	3.00889877641824	3	3	5	23.1446051167964	23	23	25
EPI417234_A_Victoria_361_2011	KT840798_A_Massachusetts_23_2014	2014.12.14	2.00667408231368	2	2	4	23.1401557285873	23	23	25
EPI417234_A_Victoria_361_2011	KT840865_A_Washington_60_2014	2014.12.23	2.04894327030033	2	2	4	32.2791991101224	32	32	38
EPI417234_A_Victoria_361_2011	KT841078_A_California_43_2014	2014.12.23	2.00667408231368	2	2	4	25.1535038932147	25	25	27
EPI417234_A_Victoria_361_2011	KT841228_A_North_Carolina_06_2015	2015.1.7	2.02224694104561	2	2	4	23.2157953281424	23	23	27
EPI417234_A_Victoria_361_2011	KT841571_A_Rhode_Island_05_2015	2015.1.7	2.00667408231368	2	2	4	23.1535038932147	23	23	25
EPI417234_A_Victoria_361_2011	KT841585_A_South_Dakota_01_2015	2015.1.5	2.00889877641824	2	2	4	26.1512791991101	26	26	30
EPI417234_A_Victoria_361_2011	KT841691_A_Kentucky_01_2015	2015.1.1	2.00889877641824	2	2	4	29.1568409343715	29	29	31
EPI417234_A_Victoria_361_2011	KT841712_A_Wisconsin_02_2015	2015.1.6	2.00889877641824	2	2	4	24.1490545050056	24	24	26
EPI417234_A_Victoria_361_2011	KT842043_A_Indiana_13_2015	2015.2.17	2.00667408231368	2	2	4	24.1557285873192	24	24	26
EPI417234_A_Victoria_361_2011	KT842079_A_Pennsylvania_05_2015	2015.2.6	4.00667408231368	4	4	6	23.1557285873192	23	23	25
EPI417234_A_Victoria_361_2011	KT842218_A_Delaware_18_2015	2015.2.23	2.00667408231368	2	2	4	25.1635150166852	25	24	29
EPI417234_A_Victoria_361_2011	KT842837_A_South_Dakota_35_2015	2015.3.14	2.00667408231368	2	2	4	25.3092324805339	25	25	29
EPI417234_A_Victoria_361_2011	KT842864_A_North_Dakota_06_2015	2015.3.8	2.0111234705228	2	2	4	21.1624026696329	21	21	25
EPI417234_A_Victoria_361_2011	KT843589_A_Iowa_34_2015	2015.7.30	2.00667408231368	2	2	4	25.1490545050056	25	25	29
EPI417234_A_Victoria_361_2011	KT843646_A_Alaska_26_2015	2015.6.14	2.01334816462736	2	2	4	28.1646273637375	28	27	32
EPI417234_A_Victoria_361_2011	KT843896_A_Ohio_26_2015	2015.8.17	2.00667408231368	2	2	4	23.1490545050056	23	23	25
EPI417234_A_Victoria_361_2011	KT844012_A_Iowa_28_2015	2015.7.30	2.00667408231368	2	2	4	25.1490545050056	25	25	29
EPI417234_A_Victoria_361_2011	KT844048_A_Washington_36_2015	2015.5.10	3.00667408231368	3	3	5	26.1624026696329	26	26	28
EPI417234_A_Victoria_361_2011	KT844075_A_Alaska_69_2015	2015.6.26	2.00667408231368	2	2	4	25.1490545050056	25	25	29
EPI417234_A_Victoria_361_2011	KT888272_A_Kabul_1514A01305430N_2013	2013.1.7	0.00667408231368187	0	0	2	16.1345939933259	16	16	20
EPI417234_A_Victoria_361_2011	KT888276_A_Taipei_1514A02605215N_2013	2013.5.7	0.00444938820912125	0	0	2	21.146829810901	21	21	25
EPI417234_A_Victoria_361_2011	KT888277_A_Taipei_1514A02605215T_2013	2013.5.7	0.00444938820912125	0	0	2	21.1490545050056	21	21	25
EPI417234_A_Victoria_361_2011	KT888280_A_Pristina_1514A06505401N_2013	2013.2.6	1.00889877641824	1	1	3	18.1434927697442	18	18	22
EPI417234_A_Victoria_361_2011	KT888284_A_Budapest_1514A07805419T_2013	2013.2.5	0.00667408231368187	0	0	2	18.1334816462736	18	18	22
EPI417234_A_Victoria_361_2011	KT888285_A_Budapest_1514A07805832T_2013	2013.2.6	0.00667408231368187	0	0	2	17.1379310344828	17	17	21
EPI417234_A_Victoria_361_2011	KU589864_A_New_Hampshire_40_2015	2015.9.14	3.0111234705228	3	3	5	25.2113459399333	25	25	29
EPI417234_A_Victoria_361_2011	KU590701_A_Ohio_28_2015	2015.9.17	4.00778642936596	4	4	6	27.1590656284761	27	27	31
EPI417234_A_Victoria_361_2011	KY116931_A_Alaska_232_2015	2015.9.9	3.00667408231368	3	3	5	26.1590656284761	26	26	30
EPI417234_A_Victoria_361_2011	KY487521_A_Columbia_P0079_2014	2014.12.25	2.00667408231368	2	2	4	24.1423804226919	24	24	26
EPI417234_A_Victoria_361_2011	KY509828_A_Seoul_1595_2015	2015.9.14	8.00889877641824	8	8	10	26.2013348164627	26	26	30
EPI417234_A_Victoria_361_2011	KY615536_A_Columbia_P0112_2014	2014.12.27	4.00667408231368	4	4	6	22.1446051167964	22	22	24
EPI417234_A_Victoria_361_2011	KY681484_A_Saudi_Arabia_07_2014	2014.10.4	0.00667408231368187	0	0	2	25.2068965517241	26	24	30
EPI417234_A_Victoria_361_2011	KY681500_A_Saudi_Arabia_28_2015	2015.9.25	2.00667408231368	2	2	4	25.1490545050056	25	25	29
EPI417234_A_Victoria_361_2011	LC032870_A_Kyoto_13K025_2014	2014.2.5	0.0467185761957731	0	0	2	26.265850945495	26	26	30
EPI417234_A_Victoria_361_2011	LC032886_A_Kyoto_13K054_2014	2014.2.13	0.00444938820912125	0	0	2	21.1334816462736	21	21	25
EPI417234_A_Victoria_361_2011	LC032990_A_Hokkaido_13H009_2014	2014.1.14	0.0467185761957731	0	0	2	24.293659621802	24	24	30
EPI417234_A_Victoria_361_2011	LC033126_A_Niigata_13F024_2014	2014.1.31	0.00667408231368187	0	0	2	23.1679644048943	23	23	25
EPI417234_A_Victoria_361_2011	LC033134_A_Niigata_13F335_2014	2014.3.3	2.00889877641824	2	2	4	19.1512791991101	19	19	23
EPI417234_A_Victoria_361_2011	LC033302_A_Nagasaki_13N004_2014	2014.1.2	1.00444938820912	1	1	3	19.1401557285873	19	19	23
EPI417234_A_Victoria_361_2011	LC033310_A_Nagasaki_13N007_2014	2014.1.13	0.00444938820912125	0	0	2	22.1312569521691	22	22	26
EPI417234_A_Victoria_361_2011	LC033326_A_Nagasaki_13N046_2014	2014.1.30	2.0111234705228	2	2	4	24.1879866518354	24	24	28
EPI417234_A_Victoria_361_2011	MK640848_A_China_41303_2012	2012.12.24	1.00444938820912	1	1	3	19.1557285873192	19	19	23
EPI417234_A_Victoria_361_2011	MK640849_A_China_41304_2012	2012.12.24	0.00667408231368187	0	0	2	18.1223581757508	18	18	20
EPI417234_A_Victoria_361_2011	MK640850_A_China_41678_2013	2013.1.5	0.00667408231368187	0	0	2	19.1979977753059	19	19	21
EPI417234_A_Victoria_361_2011	MK640851_A_China_41691_2013	2013.1.5	0.00667408231368187	0	0	2	16.1334816462736	16	16	20
EPI417234_A_Victoria_361_2011	MK640852_A_China_44381_2013	2013.4.9	1.00444938820912	1	1	3	19.1223581757508	19	19	23
EPI417234_A_Victoria_361_2011	MK640853_A_China_51045_2013	2013.12.29	2.00444938820912	2	2	4	23.1256952169077	23	23	27
EPI417234_A_Victoria_361_2011	MK640854_A_China_51323_2014	2014.1.6	1.0111234705228	1	1	3	23.146829810901	23	23	27
EPI417234_A_Victoria_361_2011	MK640855_A_China_51340_2014	2014.1.6	1.00667408231368	1	1	3	21.1290322580645	21	21	25
EPI417234_A_Victoria_361_2011	MK640856_A_China_55254_2014	2014.5.8	0.00667408231368187	0	0	2	25.1568409343715	25	25	27
EPI417234_A_Victoria_361_2011	MK640857_A_China_55312_2014	2014.5.13	0.00667408231368187	0	0	2	24.1635150166852	24	24	26
EPI417234_A_Victoria_361_2011	MK640859_A_China_59100_2014	2014.11.14	0.00667408231368187	0	0	2	25.9210233592881	26	24	28
EPI417234_A_Victoria_361_2011	MK640865_A_China_60938_2014	2014.12.9	2.00889877641824	2	2	4	29.1902113459399	29	29	31
EPI417234_A_Victoria_361_2011	MK640867_A_China_J7525_2014	2014.12.9	1.00667408231368	1	1	3	28.1835372636263	28	28	32
EPI417234_A_Victoria_361_2011	MK640868_A_China_J7506_2014	2014.12.9	1.00667408231368	1	1	3	29.1768631813126	29	29	31
EPI417234_A_Victoria_361_2011	MK640871_A_China_60701_2014	2014.12.11	1.01334816462736	1	1	3	26.1679644048943	26	26	28
EPI417234_A_Victoria_361_2011	MK640877_A_China_61248_2014	2014.12.16	1.00667408231368	1	1	3	28.1857619577308	28	28	32
EPI417234_A_Victoria_361_2011	MK640878_A_China_61391_2014	2014.12.18	2.00667408231368	2	2	4	26.1379310344828	26	26	28
EPI417234_A_Victoria_361_2011	MK640879_A_China_61007_2014	2014.12.18	1.00889877641824	1	1	3	24.1635150166852	24	24	26
EPI417234_A_Victoria_361_2011	MK640881_A_China_60736_2014	2014.12.18	0.00889877641824249	0	0	2	25.1635150166852	25	25	27
EPI417234_A_Victoria_361_2011	MK640882_A_China_60786_2014	2014.12.18	0.00889877641824249	0	0	2	26.1679644048943	26	26	28
EPI417234_A_Victoria_361_2011	MK640885_A_China_61309_2014	2014.12.18	1.00667408231368	1	1	3	26.1757508342603	26	26	30
EPI417234_A_Victoria_361_2011	MK640887_A_China_61520_2014	2014.12.19	0.00667408231368187	0	0	2	30.1968854282536	30	30	34
EPI417234_A_Victoria_361_2011	MK640892_A_China_61481_2014	2014.12.23	2.01557285873192	2	2	4	28.1902113459399	28	27	32
EPI417234_A_Victoria_361_2011	MK640894_A_China_62885_2015	2015.1.27	0.0155728587319244	0	0	2	26.2080088987764	26	26	30
EPI417234_A_Victoria_361_2011	MK640895_A_China_62889_2015	2015.1.27	0.00667408231368187	0	0	2	25.1813125695217	25	25	27
EPI417234_A_Victoria_361_2011	MK640896_A_China_62895_2015	2015.1.27	1.0111234705228	1	1	3	30.210233592881	30	30	34
EPI417234_A_Victoria_361_2011	MK640897_A_China_63513_2015	2015.2.17	0.00667408231368187	0	0	2	29.2246941045606	29	29	33
EPI417234_A_Victoria_361_2011	MK640899_A_China_66886_2015	2015.7.22	3.01334816462736	3	3	7	24.1757508342603	24	24	26
EPI417234_A_Victoria_361_2011	MK640901_A_China_67013_2015	2015.8.24	2.00889877641824	2	2	4	32.182424916574	32	32	36
EPI417234_A_Victoria_361_2011	MK730233_A_New_York_WC_LVD_12_051_2012	2012.10.5	0.00889877641824249	0	0	2	18.1512791991101	18	18	23
EPI417234_A_Victoria_361_2011	MK730273_A_New_York_WC_LVD_12_057_2012	2012.12.7	1.00444938820912	1	1	3	18.1256952169077	18	18	20
EPI417234_A_Victoria_361_2011	MK730497_A_New_York_WC_LVD_12_086_2012	2012.12.17	0.00444938820912125	0	0	2	17.1201334816463	17	17	19
EPI417234_A_Victoria_361_2011	MK817973_A_Maryland_178_5D_2013	2013.2.7	0.00667408231368187	0	0	2	17.1179087875417	17	17	21
EPI417234_A_Victoria_361_2011	MK818117_A_Maryland_63_5D_2013	2013.1.11	0.00444938820912125	0	0	2	16.1245828698554	16	16	20
EPI417234_A_Victoria_361_2011	MK969839_A_Maryland_127_17D_2013	2013.2.4	1.00444938820912	1	1	3	21.3036707452725	21	21	25
EPI417234_A_Victoria_361_2011	MK970023_A_Maryland_22_1_2012	2012.12.12	0.00444938820912125	0	0	2	16.1134593993326	16	16	20
EPI614441_A_Switzerland_9715293_2013	CY208845_A_Texas_182_2016	2016.8.31	2.00444938820912	2	2	4	18.2480533926585	18	18	22
EPI614441_A_Switzerland_9715293_2013	CY264049_A_Arizona_67_2016	2016.5.4	3.00667408231368	3	3	5	20.0901001112347	20	20	24
EPI614441_A_Switzerland_9715293_2013	EPI686117_A_Hong_Kong_15611_2015	2015.10.19	3.00444938820912	3	3	5	16.0812013348165	16	16	20
EPI614441_A_Switzerland_9715293_2013	KU591160_A_Hawaii_68_2015	2015.10.5	2.00444938820912	2	2	4	18.0745272525028	18	18	22
EPI614441_A_Switzerland_9715293_2013	KU592163_A_Hawaii_74_2015	2015.10.9	3.00889877641824	3	3	5	19.174638487208	19	19	23
EPI614441_A_Switzerland_9715293_2013	KU592184_A_South_Dakota_39_2015	2015.10.13	3.00444938820912	3	3	5	18.0678531701891	18	18	22
EPI614441_A_Switzerland_9715293_2013	KX412042_A_Iowa_45_2015	2015.10.22	3.00889877641824	3	3	5	19.0956618464961	19	19	23
EPI614441_A_Switzerland_9715293_2013	KX413283_A_Georgia_40_2016	2016.3.6	1.02002224694105	1	1	3	30.285873192436	30	30	36
EPI614441_A_Switzerland_9715293_2013	KX414582_A_Washington_26_2016	2016.1.19	2.00444938820912	2	2	4	20.2480533926585	20	20	24
EPI614441_A_Switzerland_9715293_2013	KX416117_A_Washington_47_2016	2016.3.14	2.00889877641824	2	2	4	20.2002224694105	20	20	24
EPI614441_A_Switzerland_9715293_2013	KX416429_A_Hawaii_28_2016	2016.2.29	3.00444938820912	3	3	5	21.2502780867631	21	21	25
EPI614441_A_Switzerland_9715293_2013	KX416829_A_Washington_55_2016	2016.4.12	2.02002224694105	2	2	4	31.3047830923248	31	31	37
EPI614441_A_Switzerland_9715293_2013	KX417005_A_Texas_136_2016	2016.4.22	1.04226918798665	1	1	3	32.4026696329255	32	31	36
EPI614441_A_Switzerland_9715293_2013	KX916993_A_California_12_2016	2016.1.12	5.01223581757508	5	5	7	20.0989988876529	20	20	24
EPI614441_A_Switzerland_9715293_2013	KX918281_A_Kentucky_26_2016	2016.4.25	1.02002224694105	1	1	3	30.2725250278087	30	30	36
EPI614441_A_Switzerland_9715293_2013	KY115915_A_Nebraska_24_2016	2016.9.19	2.00444938820912	2	2	4	17.2436040044494	17	17	21
EPI614441_A_Switzerland_9715293_2013	KY487603_A_Taipei_0020_2016	2016.1.5	4.00444938820912	4	4	6	16.1056729699666	16	16	20
EPI614441_A_Switzerland_9715293_2013	KY487612_A_Linkou_0081_2016	2016.1.26	4.0111234705228	4	4	6	20.1256952169077	20	20	24
EPI614441_A_Switzerland_9715293_2013	KY509826_A_Chungbuk_107_2016	2016.1.18	5.00222469410456	5	5	7	1.0845383759733	1	1	5
EPI614441_A_Switzerland_9715293_2013	KY509827_A_Gyeonggi_458_2016	2016.2.22	7.00444938820912	7	7	9	2.08898776418242	2	2	6
EPI614441_A_Switzerland_9715293_2013	KY615384_A_Keelung_0026_2016	2016.1.15	2.01001112347052	2	2	4	20.2035595105673	20	20	24
EPI614441_A_Switzerland_9715293_2013	KY615571_A_Taipei_0011_2015	2015.12.24	5.00444938820912	5	5	7	20.1078976640712	20	20	24
EPI614441_A_Switzerland_9715293_2013	MG984174_A_Shanghai_1_2016	2016.9.14	3.00444938820912	3	3	5	24.0767519466073	24	24	28
EPI614441_A_Switzerland_9715293_2013	MK640903_A_China_70219_2015	2015.12.25	3.00667408231368	3	3	5	22.1090100111235	22	22	26
EPI614441_A_Switzerland_9715293_2013	MK640906_A_China_71516_2016	2016.1.25	3.00444938820912	3	3	5	18.0823136818687	18	18	22
EPI686117_A_Hong_Kong_15611_2015	1444950_A_Chepstow_1180_2019	2019.3.25	4.01334816462736	4	4	6	27.2914349276974	27	27	31
EPI686117_A_Hong_Kong_15611_2015	1448200_A_Louisiana_34_2019	2019.4.24	0.0111234705228031	0	0	2	24.146829810901	24	24	28
EPI686117_A_Hong_Kong_15611_2015	1479371_A_Hawaii_31_2019	2019.4.17	0.0111234705228031	0	0	2	21.0856507230256	21	21	25
EPI686117_A_Hong_Kong_15611_2015	1548016_A_Cheboksary_153_2019	2019.3.18	4.01334816462736	4	4	6	27.3003337041157	27	27	31
EPI686117_A_Hong_Kong_15611_2015	1548064_A_Tomsk_155_2019	2019.3.11	4.0111234705228	4	4	6	26.7652947719689	26	26	34
EPI686117_A_Hong_Kong_15611_2015	1548211_A_Mexico_1952_2019	2019.5.7	0.0111234705228031	0	0	2	22.0789766407119	22	22	26
EPI686117_A_Hong_Kong_15611_2015	1592032_A_Hong_Kong_2671_2019	2019.6.11	4.01334816462736	4	4	6	29.3248053392659	29	29	33
EPI686117_A_Hong_Kong_15611_2015	1597372_A_Louisiana_39_2019	2019.8.25	5.01557285873192	5	5	7	25.7908787541713	25	25	31
EPI686117_A_Hong_Kong_15611_2015	1609436_A_El_Salvador_517_2019	2019.7.30	1.01334816462736	1	1	3	24.0967741935484	24	24	28
EPI686117_A_Hong_Kong_15611_2015	1609444_A_Hawaii_64_2019	2019.9.15	4.01779755283648	4	4	6	33.2791991101224	33	33	37
EPI686117_A_Hong_Kong_15611_2015	1808226_A_Jiangxi_Zhanggong_1512_2019	2019.6.11	4.00889877641824	4	4	6	29.007786429366	28	28	36
EPI686117_A_Hong_Kong_15611_2015	CY210604_A_Idaho_41_2016	2016.11.22	0.00444938820912125	0	0	2	7.57285873192436	8	7	11
EPI686117_A_Hong_Kong_15611_2015	CY211583_A_California_129_2016	2016.10.5	0	0	0	0	7.03448275862069	7	7	11
EPI686117_A_Hong_Kong_15611_2015	CY212631_A_Nevada_55_2016	2016.12.8	0	0	0	0	7.08676307007786	7	7	9
EPI686117_A_Hong_Kong_15611_2015	CY212887_A_California_184_2016	2016.12.13	0	0	0	0	8.04115684093437	8	8	10
EPI686117_A_Hong_Kong_15611_2015	CY212895_A_California_187_2016	2016.12.14	5.02002224694105	5	5	7	36.3047830923248	36	36	42
EPI686117_A_Hong_Kong_15611_2015	CY213847_A_Minnesota_76_2016	2016.10.25	1	1	1	1	8.21579532814238	8	8	12
EPI686117_A_Hong_Kong_15611_2015	CY214207_A_Hawaii_103_2016	2016.12.7	2.00222469410456	2	2	4	9.2091212458287	9	9	13
EPI686117_A_Hong_Kong_15611_2015	CY214479_A_Maryland_31_2016	2016.12.19	1	1	1	1	9.03893214682981	9	9	11
EPI686117_A_Hong_Kong_15611_2015	CY214567_A_West_Virginia_01_2017	2017.1.3	2	2	2	2	7.05228031145717	7	7	9
EPI686117_A_Hong_Kong_15611_2015	CY214879_A_California_214_2016	2016.12.31	0	0	0	0	7.52169076751947	7	7	11
EPI686117_A_Hong_Kong_15611_2015	CY218123_A_Wisconsin_08_2017	2017.1.13	1.0111234705228	1	1	3	11.0889877641824	11	11	13
EPI686117_A_Hong_Kong_15611_2015	CY220132_A_Texas_32_2017	2017.1.31	0.00222469410456062	0	0	2	9.11568409343715	9	9	13
EPI686117_A_Hong_Kong_15611_2015	CY220180_A_New_Jersey_07_2017	2017.1.30	0	0	0	0	9.06674082313682	9	9	13
EPI686117_A_Hong_Kong_15611_2015	CY220548_A_Alabama_06_2017	2017.2.7	0	0	0	0	8.10901001112347	8	8	12
EPI686117_A_Hong_Kong_15611_2015	CY221923_A_Texas_47_2017	2017.2.13	0	0	0	0	9.06896551724138	9	9	13
EPI686117_A_Hong_Kong_15611_2015	CY223218_A_New_Mexico_11_2017	2017.2.28	0.00333704115684093	0	0	2	5.10344827586207	5	5	7
EPI686117_A_Hong_Kong_15611_2015	CY223691_A_Maryland_10_2017	2017.1.31	0	0	0	0	6.06674082313682	6	6	10
EPI686117_A_Hong_Kong_15611_2015	CY223707_A_Ohio_05_2017	2017.2.7	4.00667408231368	4	4	6	17.146829810901	17	17	21
EPI686117_A_Hong_Kong_15611_2015	CY223731_A_Florida_10_2017	2017.2.8	2.00667408231368	2	2	4	10.1768631813126	10	10	14
EPI686117_A_Hong_Kong_15611_2015	CY223739_A_Florida_11_2017	2017.2.13	3.00444938820912	3	3	5	13.111234705228	13	13	19
EPI686117_A_Hong_Kong_15611_2015	CY224883_A_Arizona_06_2017	2017.1.31	0.00222469410456062	0	0	2	8.10122358175751	8	8	12
EPI686117_A_Hong_Kong_15611_2015	CY225075_A_Georgia_06_2017	2017.2.15	3.00889877641824	3	3	5	11.1857619577308	11	11	15
EPI686117_A_Hong_Kong_15611_2015	CY227443_A_Vermont_08_2017	2017.3.2	1.00444938820912	1	1	3	8.09232480533927	8	8	10
EPI686117_A_Hong_Kong_15611_2015	CY227899_A_Delaware_19_2017	2017.3.21	3.01557285873192	3	3	5	11.1624026696329	11	11	15
EPI686117_A_Hong_Kong_15611_2015	CY228314_A_South_Dakota_11_2017	2017.2.13	3.00889877641824	3	3	5	14.1279199110122	14	14	18
EPI686117_A_Hong_Kong_15611_2015	CY228698_A_Wisconsin_39_2017	2017.3.19	2.00667408231368	2	2	4	16.1757508342603	16	16	20
EPI686117_A_Hong_Kong_15611_2015	CY228730_A_Arkansas_18_2017	2017.3.19	1	1	1	1	11.0545050055617	11	11	13
EPI686117_A_Hong_Kong_15611_2015	CY230042_A_Michigan_30_2017	2017.2.27	2.00667408231368	2	2	4	16.2146829810901	16	15	20
EPI686117_A_Hong_Kong_15611_2015	CY230282_A_Tennessee_21_2017	2017.2.20	2.00667408231368	2	2	4	15.1790878754171	15	15	19
EPI686117_A_Hong_Kong_15611_2015	CY230438_A_Delaware_19_2017	2017.3.21	3.01557285873192	3	3	5	11.1624026696329	11	11	15
EPI686117_A_Hong_Kong_15611_2015	CY230551_A_West_Virginia_09_2017	2017.2.13	0	0	0	0	8.11345939933259	8	8	12
EPI686117_A_Hong_Kong_15611_2015	CY230855_A_Oregon_14_2017	2017.2.28	0.00222469410456062	0	0	2	6.146829810901	6	6	10
EPI686117_A_Hong_Kong_15611_2015	CY232473_A_Florida_34_2017	2017.4.9	0	0	0	0	7.0622914349277	7	7	11
EPI686117_A_Hong_Kong_15611_2015	CY232567_A_North_Carolina_27_2017	2017.4.5	5.01334816462736	5	5	7	14.1657397107898	14	13	18
EPI686117_A_Hong_Kong_15611_2015	CY235613_A_Washington_40_2017	2017.4.17	2.00889877641824	2	2	4	18.2224694104561	18	18	22
EPI686117_A_Hong_Kong_15611_2015	CY235685_A_Nevada_12_2017	2017.4.25	1.00444938820912	1	1	3	7.09899888765295	7	7	11
EPI686117_A_Hong_Kong_15611_2015	CY242099_A_Florida_29_2017	2017.1.7	1	1	1	1	7.11345939933259	7	7	11
EPI686117_A_Hong_Kong_15611_2015	CY242347_A_Florida_50_2017	2017.7.26	0.00222469410456062	0	0	2	12.1423804226919	12	12	16
EPI686117_A_Hong_Kong_15611_2015	CY243548_A_Alaska_30_2017	2017.6.18	0.00222469410456062	0	0	2	10.0456062291435	10	10	12
EPI686117_A_Hong_Kong_15611_2015	CY243675_A_Alaska_46_2017	2017.7.31	0.00222469410456062	0	0	2	9.04783092324805	9	9	11
EPI686117_A_Hong_Kong_15611_2015	CY244478_A_California_60_2017	2017.7.1	3.00667408231368	3	3	5	12.1768631813126	12	12	16
EPI686117_A_Hong_Kong_15611_2015	CY245203_A_Arizona_50_2017	2017.8.22	0.00222469410456062	0	0	2	11.0456062291435	11	11	13
EPI686117_A_Hong_Kong_15611_2015	CY245459_A_Hawaii_45_2017	2017.8.22	1.00222469410456	1	1	3	8.05005561735261	8	8	10
EPI686117_A_Hong_Kong_15611_2015	CY250520_A_Arkansas_24_2017	2017.10.12	0.00222469410456062	0	0	2	10.0456062291435	10	10	12
EPI686117_A_Hong_Kong_15611_2015	CY257914_A_Florida_73_2017	2017.10.15	1.00222469410456	1	1	3	11.0444938820912	11	11	13
EPI686117_A_Hong_Kong_15611_2015	CY257994_A_Massachusetts_16_2017	2017.10.12	0.00444938820912125	0	0	2	12.5261401557286	12	12	16
EPI686117_A_Hong_Kong_15611_2015	CY258177_A_New_York_36_2017	2017.10.21	3.01334816462736	3	3	5	23.2602892102336	23	23	27
EPI686117_A_Hong_Kong_15611_2015	CY258305_A_Louisiana_57_2017	2017.10.28	0.00222469410456062	0	0	2	10.0433815350389	10	10	12
EPI686117_A_Hong_Kong_15611_2015	CY260353_A_California_86_2017	2017.10.3	2.00667408231368	2	2	4	12.1690767519466	12	12	16
EPI686117_A_Hong_Kong_15611_2015	CY264374_A_New_Hampshire_27_2017	2017.11.21	1.00222469410456	1	1	3	11.0478309232481	11	11	13
EPI686117_A_Hong_Kong_15611_2015	CY264986_A_Pennsylvania_274_2017	2017.12.15	2.00222469410456	2	2	4	13.0411568409344	13	13	15
EPI686117_A_Hong_Kong_15611_2015	CY266079_A_Florida_87_2017	2017.10.25	0.00222469410456062	0	0	2	14.0533926585095	14	14	16
EPI686117_A_Hong_Kong_15611_2015	KY949675_A_Linkou_0175_2016	2016.12.12	4.00444938820912	4	4	6	12.0889877641824	12	12	16
EPI686117_A_Hong_Kong_15611_2015	KY949682_A_Linkou_0191_2016	2016.12.30	4.00444938820912	4	4	6	14.0889877641824	14	14	18
EPI686117_A_Hong_Kong_15611_2015	KY949699_A_Linkou_0187_2016	2016.12.27	0	0	0	0	4.08008898776418	4	4	6
EPI686117_A_Hong_Kong_15611_2015	KY949700_A_Keelung_0082_2016	2016.11.30	0	0	0	0	7.03448275862069	7	7	9
EPI686117_A_Hong_Kong_15611_2015	KY949766_A_Taipei_0088_2016	2016.12.6	0	0	0	0	8.03448275862069	8	8	10
EPI686117_A_Hong_Kong_15611_2015	KY949786_A_Keelung_0097_2016	2016.12.20	1	1	1	1	7.03448275862069	7	7	9
EPI686117_A_Hong_Kong_15611_2015	KY949826_A_Taipei_0092_2016	2016.12.19	0.00222469410456062	0	0	2	12.0467185761958	12	12	14
EPI686117_A_Hong_Kong_15611_2015	KY949862_A_Keelung_0089_2016	2016.12.8	1.00222469410456	1	1	3	7.02447163515017	7	7	9
EPI686117_A_Hong_Kong_15611_2015	KY949934_A_Keelung_0099_2016	2016.12.21	0	0	0	0	7.03448275862069	7	7	9
EPI686117_A_Hong_Kong_15611_2015	KY949967_A_Linkou_0169_2016	2016.12.2	1	1	1	1	8.03225806451613	8	8	10
EPI686117_A_Hong_Kong_15611_2015	KY950051_A_Linkou_0186_2016	2016.12.26	4.00889877641824	4	4	6	12.182424916574	12	12	16
EPI686117_A_Hong_Kong_15611_2015	KY950096_A_Linkou_0181_2016	2016.12.21	3.00444938820912	3	3	5	11.0889877641824	11	11	15
EPI686117_A_Hong_Kong_15611_2015	KY950133_A_Keelung_0095_2016	2016.12.14	0	0	0	0	7.03448275862069	7	7	9
EPI686117_A_Hong_Kong_15611_2015	KY950211_A_Linkou_0185_2016	2016.12.24	3.00444938820912	3	3	5	11.0889877641824	11	11	15
EPI686117_A_Hong_Kong_15611_2015	MF736980_A_Vologda_CRIE_172_2016	2016.12.17	4.00444938820912	4	4	6	16.0901001112347	16	12	22
EPI686117_A_Hong_Kong_15611_2015	MF736996_A_Karachay_Cherkess_CRIE_301_2017	2017.2.28	4.00667408231368	4	4	6	17.0934371523915	17	13	23
EPI686117_A_Hong_Kong_15611_2015	MF783012_A_Rochester_U029_2017	2017.1.20	2.00667408231368	2	2	4	14.1790878754171	14	14	18
EPI686117_A_Hong_Kong_15611_2015	MG198917_A_Guangdong_SKLRD01_2017	2017.7.15	2.01334816462736	2	2	4	15.1768631813126	15	15	19
EPI686117_A_Hong_Kong_15611_2015	MG856322_A_Karachay_Cherkess_CRIE_296_2016	2016.12.11	3.00444938820912	3	3	5	11.0889877641824	11	11	15
EPI686117_A_Hong_Kong_15611_2015	MG974447_A_Kansas_14_2017	2017.12.14	1.00222469410456	1	1	3	13.0611790878754	13	13	17
EPI686117_A_Hong_Kong_15611_2015	MG984182_A_Shanghai_10_2017	2017.1.10	0.00222469410456062	0	0	2	6.08898776418243	6	6	8
EPI686117_A_Hong_Kong_15611_2015	MG984190_A_Shanghai_11_2017	2017.1.11	0	0	0	0	8.10233592880979	8	8	12
EPI686117_A_Hong_Kong_15611_2015	MG984198_A_Shanghai_12_2017	2017.1.13	0.00222469410456062	0	0	2	6.08898776418243	6	6	8
EPI686117_A_Hong_Kong_15611_2015	MG984222_A_Shanghai_15_2017	2017.1.22	0.00222469410456062	0	0	2	7.1357063403782	7	7	11
EPI686117_A_Hong_Kong_15611_2015	MG984230_A_Shanghai_16_2017	2017.1.25	0	0	0	0	10.2803114571746	10	10	14
EPI686117_A_Hong_Kong_15611_2015	MG984238_A_Shanghai_17_2017	2017.1.25	0.00222469410456062	0	0	2	6.08898776418243	6	6	8
EPI686117_A_Hong_Kong_15611_2015	MG984246_A_Shanghai_18_2017	2017.1.26	0	0	0	0	8.10233592880979	8	8	12
EPI686117_A_Hong_Kong_15611_2015	MG984254_A_Shanghai_19_2017	2017.1.31	0	0	0	0	10.2803114571746	10	10	14
EPI686117_A_Hong_Kong_15611_2015	MG984270_A_Shanghai_20_2017	2017.2.3	0	0	0	0	10.2803114571746	10	10	14
EPI686117_A_Hong_Kong_15611_2015	MG984278_A_Shanghai_21_2017	2017.2.6	0	0	0	0	8.10233592880979	8	8	12
EPI686117_A_Hong_Kong_15611_2015	MG984286_A_Shanghai_29_2017	2017.5.16	3.00889877641824	3	3	5	17.1679644048943	17	17	21
EPI686117_A_Hong_Kong_15611_2015	MG984302_A_Shanghai_30_2017	2017.6.23	3.00667408231368	3	3	5	13.1701890989989	13	13	17
EPI686117_A_Hong_Kong_15611_2015	MG984310_A_Shanghai_31_2017	2017.6.23	3.00889877641824	3	3	5	17.1234705228031	17	17	21
EPI686117_A_Hong_Kong_15611_2015	MG984318_A_Shanghai_32_2017	2017.7.19	3.00667408231368	3	3	5	12.1679644048943	12	12	16
EPI686117_A_Hong_Kong_15611_2015	MG984326_A_Shanghai_33_2017	2017.7.25	3.00889877641824	3	3	5	18.1679644048943	18	18	22
EPI686117_A_Hong_Kong_15611_2015	MG984342_A_Shanghai_35_2017	2017.7.31	3.00889877641824	3	3	5	18.1123470522803	18	18	22
EPI686117_A_Hong_Kong_15611_2015	MG984350_A_Shanghai_36_2017	2017.8.9	3.00667408231368	3	3	5	12.1679644048943	12	12	16
EPI686117_A_Hong_Kong_15611_2015	MG984358_A_Shanghai_37_2017	2017.8.9	3.00889877641824	3	3	5	17.1679644048943	17	17	21
EPI686117_A_Hong_Kong_15611_2015	MG984366_A_Shanghai_38_2017	2017.8.11	3.00667408231368	3	3	5	13.1701890989989	13	13	17
EPI686117_A_Hong_Kong_15611_2015	MG984390_A_Shanghai_40_2017	2017.8.19	3.00889877641824	3	3	5	18.1679644048943	18	18	22
EPI686117_A_Hong_Kong_15611_2015	MG984398_A_Shanghai_41_2017	2017.8.19	3.00667408231368	3	3	5	13.1724137931034	13	13	17
EPI686117_A_Hong_Kong_15611_2015	MG984414_A_Shanghai_43_2017	2017.8.21	3.00667408231368	3	3	5	12.1679644048943	12	12	16
EPI686117_A_Hong_Kong_15611_2015	MG984430_A_Shanghai_45_2017	2017.8.23	3.00889877641824	3	3	5	18.1123470522803	18	18	22
EPI686117_A_Hong_Kong_15611_2015	MG984438_A_Shanghai_46_2017	2017.8.29	4.00667408231368	4	4	6	12.1701890989989	12	12	16
EPI686117_A_Hong_Kong_15611_2015	MG984446_A_Shanghai_47_2017	2017.8.29	3.00889877641824	3	3	5	17.1679644048943	17	17	21
EPI686117_A_Hong_Kong_15611_2015	MG984462_A_Shanghai_49_2017	2017.9.5	3.00667408231368	3	3	5	12.1679644048943	12	12	16
EPI686117_A_Hong_Kong_15611_2015	MG984478_A_Shanghai_50_2017	2017.9.6	3.00889877641824	3	3	5	18.1679644048943	18	18	22
EPI686117_A_Hong_Kong_15611_2015	MG984486_A_Shanghai_51_2017	2017.9.8	3.00667408231368	3	3	5	13.1701890989989	13	13	17
EPI686117_A_Hong_Kong_15611_2015	MG984502_A_Shanghai_53_2017	2017.9.13	3.00667408231368	3	3	5	12.1679644048943	12	12	16
EPI686117_A_Hong_Kong_15611_2015	MG984518_A_Shanghai_7_2016	2016.12.30	0	0	0	0	10.2780867630701	10	10	14
EPI686117_A_Hong_Kong_15611_2015	MH637447_A_Linkou_0335_2017	2017.7.18	5.01001112347052	5	5	7	17.1868743047831	17	17	21
EPI686117_A_Hong_Kong_15611_2015	MH637456_A_Linkou_0266_2017	2017.3.16	3.0111234705228	3	3	5	15.1835372636263	15	15	19
EPI686117_A_Hong_Kong_15611_2015	MH637483_A_Baltimore_P0247_2018	2018.1.14	2.00667408231368	2	2	4	12.0456062291435	12	12	14
EPI686117_A_Hong_Kong_15611_2015	MH637488_A_Baltimore_P0279_2018	2018.2.2	2.0111234705228	2	2	4	14.0700778642937	14	14	18
EPI686117_A_Hong_Kong_15611_2015	MH637511_A_Baltimore_P0243_2018	2018.1.11	1.0111234705228	1	1	3	13.0689655172414	13	13	17
EPI686117_A_Hong_Kong_15611_2015	MH637528_A_Baltimore_P0241_2018	2018.1.10	0.0111234705228031	0	0	2	15.0700778642937	15	15	19
EPI686117_A_Hong_Kong_15611_2015	MH637557_A_Keelung_0113_2017	2017.1.16	0	0	0	0	7.04115684093437	7	7	9
EPI686117_A_Hong_Kong_15611_2015	MH637565_A_Baltimore_P0255_2018	2018.1.20	1.00222469410456	1	1	3	12.0456062291435	12	12	14
EPI686117_A_Hong_Kong_15611_2015	MH637576_A_Linkou_0302_2017	2017.6.20	4.00889877641824	4	4	6	16.154616240267	16	16	20
EPI686117_A_Hong_Kong_15611_2015	MH637596_A_Baltimore_P0304_2018	2018.2.13	1.00667408231368	1	1	3	13.0433815350389	13	13	15
EPI686117_A_Hong_Kong_15611_2015	MH637603_A_Baltimore_P0238_2018	2018.1.8	0.00444938820912125	0	0	2	10.0901001112347	10	10	14
EPI686117_A_Hong_Kong_15611_2015	MH637648_A_Taipei_0122_2017	2017.2.2	0.00444938820912125	0	0	2	7.10233592880979	7	7	9
EPI686117_A_Hong_Kong_15611_2015	MH637673_A_Baltimore_P0237_2018	2018.1.7	1.00667408231368	1	1	3	12.0433815350389	12	12	14
EPI686117_A_Hong_Kong_15611_2015	MH637679_A_Taipei_0123_2017	2017.2.3	3.00889877641824	3	3	5	16.0989988876529	16	16	20
EPI686117_A_Hong_Kong_15611_2015	MH637687_A_Baltimore_P0286_2018	2018.2.5	1.00222469410456	1	1	3	13.0567296996663	13	13	15
EPI686117_A_Hong_Kong_15611_2015	MH637707_A_Keelung_0161_2017	2017.4.7	4.01446051167964	4	4	6	14.1835372636263	14	14	18
EPI686117_A_Hong_Kong_15611_2015	MH637726_A_Baltimore_P0239_2018	2018.1.8	1.00667408231368	1	1	3	12.0478309232481	12	12	14
EPI686117_A_Hong_Kong_15611_2015	MH637730_A_Baltimore_P0283_2018	2018.2.4	1.0111234705228	1	1	3	14.0700778642937	14	14	18
EPI686117_A_Hong_Kong_15611_2015	MH637747_A_Baltimore_P0232_2018	2018.1.2	2.00222469410456	2	2	4	9.12013348164627	9	9	12
EPI686117_A_Hong_Kong_15611_2015	MH637752_A_Linkou_0206_2017	2017.1.17	2	2	2	2	9.06117908787542	9	9	11
EPI686117_A_Hong_Kong_15611_2015	MH637768_A_Baltimore_P0242_2018	2018.1.11	1.00667408231368	1	1	3	12.0456062291435	12	12	14
EPI686117_A_Hong_Kong_15611_2015	MH637783_A_Baltimore_P0244_2018	2018.1.11	1.00222469410456	1	1	3	12.0456062291435	12	12	14
EPI686117_A_Hong_Kong_15611_2015	MH637808_A_Baltimore_P0298_2018	2018.2.10	1.00667408231368	1	1	3	14.0456062291435	14	14	16
EPI686117_A_Hong_Kong_15611_2015	MH701747_A_New_Jersey_93924_2018	2018.2.20	1.00444938820912	1	1	3	12.0878754171301	12	12	16
EPI686117_A_Hong_Kong_15611_2015	MH701755_A_New_Jersey_93934_2018	2018.2.21	1.00444938820912	1	1	3	12.0878754171301	12	12	16
EPI686117_A_Hong_Kong_15611_2015	MK159064_A_Jeonbuk_736_2017	2017.7.17	1.00222469410456	1	1	3	8.10678531701891	8	8	10
EPI686117_A_Hong_Kong_15611_2015	MK159072_A_Gyeongbuk_745_2017	2017.9.4	1.00222469410456	1	1	3	11.6284760845384	12	10	16
EPI686117_A_Hong_Kong_15611_2015	MK640910_A_China_80241_2016	2016.12.6	0.00222469410456062	0	0	2	6.02892102335929	6	6	8
EPI686117_A_Hong_Kong_15611_2015	MK640913_A_China_81105_2017	2017.1.4	0	0	0	0	6.10901001112347	6	6	9
EPI686117_A_Hong_Kong_15611_2015	MK640914_A_China_81129_2017	2017.1.5	1.00222469410456	1	1	3	7.11568409343715	7	7	9
EPI686117_A_Hong_Kong_15611_2015	MK640915_A_China_81891_2017	2017.2.1	0.00222469410456062	0	0	2	7.02892102335929	7	7	9
EPI686117_A_Hong_Kong_15611_2015	MN154312_A_Washington_9752_2019	2019.3.15	0.0111234705228031	0	0	2	21.0823136818687	21	21	25
EPI686117_A_Hong_Kong_15611_2015	MN170167_A_Washington_9147_2019	2019.3.10	0.0111234705228031	0	0	2	21.0823136818687	21	21	25
EPI686117_A_Hong_Kong_15611_2015	MN170183_A_Washington_9149_2019	2019.3.11	0.0111234705228031	0	0	2	21.0823136818687	21	21	25
EPI686117_A_Hong_Kong_15611_2015	MN170191_A_Washington_9150_2019	2019.3.11	0.0111234705228031	0	0	2	21.0823136818687	21	21	25
EPI686117_A_Hong_Kong_15611_2015	MN170207_A_Washington_9153_2019	2019.3.14	0.0111234705228031	0	0	2	21.0823136818687	21	21	25
EPI686117_A_Hong_Kong_15611_2015	MN170223_A_Washington_9155_2019	2019.3.14	0.0111234705228031	0	0	2	21.0823136818687	21	21	25
EPI686117_A_Hong_Kong_15611_2015	MN304051_A_Basel_USB003343_1_2016	2016.12.27	0	0	0	0	8.05005561735261	8	8	10
EPI686117_A_Hong_Kong_15611_2015	MN304056_A_Basel_USB003348_1_2016	2016.12.30	0	0	0	0	9.03114571746385	9	9	11
EPI686117_A_Hong_Kong_15611_2015	MN304081_A_Basel_USB003378_1_2017	2017.1.13	0.00222469410456062	0	0	2	9.04338153503893	9	9	11
EPI686117_A_Hong_Kong_15611_2015	MN304116_A_Basel_USB003451_1_2017	2017.2.2	1.00222469410456	1	1	3	7.50611790878754	7	7	11
EPI686117_A_Hong_Kong_15611_2015	MN304117_A_Basel_USB003452_1_2017	2017.2.2	0	0	0	0	8.18353726362625	8	8	12
EPI686117_A_Hong_Kong_15611_2015	MN304125_A_Basel_USB003503_1_2017	2017.2.5	0	0	0	0	9.04338153503893	9	9	11
EPI686117_A_Hong_Kong_15611_2015	MN304128_A_Basel_USB003507_1_2017	2017.2.6	2.00667408231368	2	2	4	16.1768631813126	16	16	20
EPI686117_A_Hong_Kong_15611_2015	MN304158_A_Basel_USB001568_1_2017	2017.1.2	5.00667408231368	5	5	7	13.0867630700779	13	13	17
EPI686117_A_Hong_Kong_15611_2015	MN304160_A_Basel_USB002230_1_2017	2017.1.2	0	0	0	0	10.0456062291435	10	10	12
EPI686117_A_Hong_Kong_15611_2015	MN304174_A_Basel_USB001581_1_2017	2017.1.3	0	0	0	0	8.18353726362625	8	8	12
EPI686117_A_Hong_Kong_15611_2015	MN304184_A_Basel_USB001592_1_2017	2017.1.4	4.56284760845384	4	4	6	14.0978865406007	14	14	18
EPI686117_A_Hong_Kong_15611_2015	MN304199_A_Basel_USB001639_1_2017	2017.1.4	1.00444938820912	1	1	3	12.0689655172414	12	12	14
EPI686117_A_Hong_Kong_15611_2015	MN304202_A_Basel_USB002304_1_2017	2017.1.4	4.55617352614016	4	4	6	14.091212458287	14	14	18
EPI686117_A_Hong_Kong_15611_2015	MN304206_A_Basel_USB001584_1_2017	2017.1.4	0	0	0	0	8.04894327030033	8	8	10
EPI686117_A_Hong_Kong_15611_2015	MN304230_A_Basel_USB002323_1_2017	2017.1.6	1	1	1	1	9.08787541713014	9	9	11
EPI686117_A_Hong_Kong_15611_2015	MN304260_A_Basel_USB002443_1_2017	2017.1.7	1	1	1	1	8.18353726362625	8	8	12
EPI686117_A_Hong_Kong_15611_2015	MN304284_A_Basel_USB002561_1_2017	2017.1.9	5.00667408231368	5	5	7	13.0867630700779	13	13	17
EPI686117_A_Hong_Kong_15611_2015	MN304303_A_Basel_USB002594_1_2017	2017.1.10	0.00222469410456062	0	0	2	7.50611790878754	7	7	11
EPI686117_A_Hong_Kong_15611_2015	MN304347_A_Basel_USB002671_1_2017	2017.1.13	4.55617352614016	4	4	6	14.0934371523915	14	14	18
EPI686117_A_Hong_Kong_15611_2015	MN304376_A_Basel_USB002722_1_2017	2017.1.17	0.00222469410456062	0	0	2	8.50611790878754	8	8	12
EPI686117_A_Hong_Kong_15611_2015	MN304409_A_Basel_USB002775_1_2017	2017.1.22	0	0	0	0	8.18798665183537	8	8	12
EPI686117_A_Hong_Kong_15611_2015	MN304423_A_Basel_USB002825_1_2017	2017.1.23	3.00778642936596	3	3	5	12.1768631813126	12	12	16
EPI686117_A_Hong_Kong_15611_2015	MN304459_A_Basel_USB002891_1_2017	2017.1.29	0	0	0	0	9.18576195773081	9	9	13
EPI686117_A_Hong_Kong_15611_2015	MN304483_A_Basel_USB002922_1_2017	2017.2.1	5.00667408231368	5	5	7	13.0889877641824	13	13	17
EPI686117_A_Hong_Kong_15611_2015	MN304521_A_Basel_USB002995_1_2017	2017.2.5	0	0	0	0	11.0456062291435	11	11	13
EPI686117_A_Hong_Kong_15611_2015	MN304543_A_Basel_USB003034_1_2017	2017.2.7	2.00667408231368	2	2	4	16.1768631813126	16	16	20
EPI686117_A_Hong_Kong_15611_2015	MN304587_A_Basel_USB003307_1_2017	2017.2.25	0.00222469410456062	0	0	2	7.50611790878754	7	7	11
EPI686117_A_Hong_Kong_15611_2015	MN304604_A_Basel_USB002047_1_2016	2016.12.10	0	0	0	0	9.04115684093437	9	9	11
EPI686117_A_Hong_Kong_15611_2015	MN304638_A_Basel_USB002088_1_2016	2016.12.24	0	0	0	0	4.08676307007786	4	4	6
EPI686117_A_Hong_Kong_15611_2015	MN304643_A_Basel_USB002097_1_2016	2016.12.25	5.00444938820912	5	5	7	13.0823136818687	13	13	17
EPI686117_A_Hong_Kong_15611_2015	MN304651_A_Basel_USB002098_1_2016	2016.12.25	0	0	0	0	4.0845383759733	4	4	6
EPI686117_A_Hong_Kong_15611_2015	MN304652_A_Basel_USB001532_1_2016	2016.12.26	5.00444938820912	5	5	7	13.0823136818687	13	13	17
EPI686117_A_Hong_Kong_15611_2015	MN304663_A_Basel_USB001539_1_2016	2016.12.27	2.00222469410456	2	2	4	10.182424916574	10	10	14
EPI686117_A_Hong_Kong_15611_2015	MN304664_A_Basel_USB001538_1_2016	2016.12.27	1	1	1	1	10.0344827586207	10	10	12
EPI686117_A_Hong_Kong_15611_2015	MN304667_A_Basel_USB001537_1_2016	2016.12.27	0	0	0	0	5.0845383759733	5	5	7
EPI686117_A_Hong_Kong_15611_2015	MN304668_A_Basel_USB002128_1_2016	2016.12.27	2.00667408231368	2	2	4	7.05784204671858	7	7	9
EPI686117_A_Hong_Kong_15611_2015	MN304672_A_Basel_USB002199_1_2016	2016.12.27	1	1	1	1	9.03448275862069	9	9	11
EPI686117_A_Hong_Kong_15611_2015	MN304679_A_Basel_USB002138_1_2016	2016.12.28	0	0	0	0	9.03670745272525	9	9	11
EPI686117_A_Hong_Kong_15611_2015	MN304682_A_Basel_USB001546_1_2016	2016.12.29	0	0	0	0	8.04449388209121	8	8	10
EPI686117_A_Hong_Kong_15611_2015	MN304687_A_Basel_USB002180_1_2016	2016.12.29	5.00444938820912	5	5	7	13.0823136818687	13	13	17
EPI686117_A_Hong_Kong_15611_2015	MN304690_A_Basel_USB002178_1_2016	2016.12.29	0	0	0	0	8.04449388209121	8	8	10
EPI686117_A_Hong_Kong_15611_2015	MN304704_A_Basel_USB001552_1_2016	2016.12.31	0.00444938820912125	0	0	2	6.53058954393771	6	6	11
EPI686117_A_Hong_Kong_15611_2015	MN304711_A_Basel_USB001562_1_2016	2016.12.31	0	0	0	0	8.10122358175751	8	8	12
